 &FCI NORB=   4,NELEC= 4,MS2=0,
  ORBSYM=1,1,1,1,
  ISYM=1,
 &END
 0.4972849209634445    1    1    1    1
 0.4359320513773828    1    1    2    2
 -0.08156523699346649    1    1    3    1
 0.4459940498692057    1    1    3    3
 0.08424762572601485    1    1    4    2
 0.5229523124119582    1    1    4    4
 0.1573819858937862    2    1    2    1
 0.09800099750490923    2    1    3    2
 0.04308404310311674    2    1    4    1
 -0.1506334078434628    2    1    4    3
 0.4359320513773827    2    2    1    1
 0.4536261634278697    2    2    2    2
 0.00980518683887315    2    2    3    1
 0.4477642072989965    2    2    3    3
 0.004056454696513761    2    2    4    2
 0.4639452630529792    2    2    4    4
 -0.08156523699346652    3    1    1    1
 0.009805186838873128    3    1    2    2
 0.1078320812490747    3    1    3    1
 -0.006862576362185934    3    1    3    3
 -0.09851294333556239    3    1    4    2
 -0.08590732844557641    3    1    4    4
 0.09800099750490923    3    2    2    1
 0.1372828000877861    3    2    3    2
 -0.05296049574000405    3    2    4    1
 -0.09936651400247484    3    2    4    3
 0.4459940498692056    3    3    1    1
 0.4477642072989964    3    3    2    2
 -0.006862576362185919    3    3    3    1
 0.467405746859947    3    3    3    3
 0.002814452448559826    3    3    4    2
 0.4802183784679871    3    3    4    4
 0.04308404310311674    4    1    2    1
 -0.05296049574000405    4    1    3    2
 0.09706953493522719    4    1    4    1
 -0.04096946490065187    4    1    4    3
 0.08424762572601481    4    2    1    1
 0.004056454696513832    4    2    2    2
 -0.09851294333556238    4    2    3    1
 0.002814452448559865    4    2    3    3
 0.1046452936157012    4    2    4    2
 0.09353803377163281    4    2    4    4
 -0.1506334078434628    4    3    2    1
 -0.09936651400247479    4    3    3    2
 -0.0409694649006519    4    3    4    1
 0.1624644189816666    4    3    4    3
 0.5229523124119582    4    4    1    1
 0.4639452630529792    4    4    2    2
 -0.08590732844557636    4    4    3    1
 0.4802183784679871    4    4    3    3
 0.09353803377163294    4    4    4    2
 0.581045987092906    4    4    4    4
 -1.835108781612993    1    1  0  0
 -1.550652469602646    2    2  0  0
 0.1599559397191928    3    1  0  0
 -1.245801668452464    3    3  0  0
 -0.1294675941988349    4    2  0  0
 -0.9063250507516396    4    4  0  0
 2.29310124732  0  0  0  0
