 &FCI NORB=  12,NELEC= 8,MS2=0,
  ORBSYM=1,1,1,1,1,1,1,1,1,1,1,1,
  ISYM=1,
 &END
 0.778506339938757    1    1    1    1
 0.1541670635752372    2    1    2    1
 0.7591514680927626    2    2    1    1
 0.7977652088712078    2    2    2    2
 -6.509261689072297e-15    3    1    1    1
 -1.101335074777504e-15    3    1    2    1
 -6.76138706466629e-15    3    1    2    2
 0.08551783201222003    3    1    3    1
 -4.494670820804626e-15    3    2    1    1
 -2.126222939943503e-15    3    2    2    1
 -4.819280592028655e-15    3    2    2    2
 0.02083156226842933    3    2    3    2
 0.5201039120131127    3    3    1    1
 0.4944278469054154    3    3    2    2
 4.141021949107083e-15    3    3    3    1
 -2.539122285828034e-15    3    3    3    2
 0.4372812343097483    3    3    3    3
 -0.04098496188169604    4    1    1    1
 -0.04237463662647183    4    1    2    2
 2.438756439176953e-15    4    1    3    1
 -0.003550925830545712    4    1    3    3
 0.1000185991405554    4    1    4    1
 -0.01329107500289452    4    2    2    1
 0.02537295753294312    4    2    4    2
 7.454315776757861e-15    4    3    1    1
 7.023140091114719e-15    4    3    2    2
 0.01543682021831877    4    3    3    1
 1.518016740283362e-14    4    3    3    3
 -6.058805337612944e-15    4    3    4    1
 0.05300573773093145    4    3    4    3
 0.5645970850965512    4    4    1    1
 0.5366052466903666    4    4    2    2
 -9.095417208087764e-15    4    4    3    1
 -2.635463543840732e-15    4    4    3    2
 0.4271079599536117    4    4    3    3
 -0.02647102483862121    4    4    4    1
 -8.24944462805448e-15    4    4    4    3
 0.4787611462768482    4    4    4    4
 -0.0566191341580488    5    1    1    1
 -0.05485519760781003    5    1    2    2
 -1.083486587310555e-14    5    1    3    1
 -0.0304775770058338    5    1    3    3
 -0.06612933790977683    5    1    4    1
 1.126124377309608e-15    5    1    4    3
 -0.02350050410287645    5    1    4    4
 0.06164679196494148    5    1    5    1
 -0.0168339807962297    5    2    2    1
 -2.777333551637825e-15    5    2    3    2
 -0.01692626149352869    5    2    4    2
 0.01692142762280675    5    2    5    2
 -3.670360912271202e-14    5    3    1    1
 -3.419246067728329e-14    5    3    2    2
 0.01508970076407949    5    3    3    1
 -1.727058955247076e-15    5    3    3    3
 2.586695592328341e-15    5    3    4    1
 0.03681493970447434    5    3    4    3
 -3.238994491404816e-14    5    3    4    4
 3.729382034194982e-15    5    3    5    1
 0.06299462344518814    5    3    5    3
 -0.2243308353471607    5    4    1    1
 -0.2089244115213629    5    4    2    2
 2.534088202340617e-15    5    4    3    1
 1.816713886957579e-15    5    4    3    2
 -0.07963837934148627    5    4    3    3
 0.02969394755955167    5    4    4    1
 -1.333365809534427e-14    5    4    4    3
 -0.1277222775106863    5    4    4    4
 0.02278549043631615    5    4    5    1
 1.27998924861369e-14    5    4    5    3
 0.1366628454438647    5    4    5    4
 0.446788240597105    5    5    1    1
 0.426828167960338    5    5    2    2
 2.547278836329492e-15    5    5    3    1
 -1.70949474461037e-15    5    5    3    2
 0.3817542847824095    5    5    3    3
 0.01375860826960634    5    5    4    1
 4.427027405271295e-15    5    5    4    3
 0.4029483188722487    5    5    4    4
 -0.03409571533026277    5    5    5    1
 -8.318964048393548e-15    5    5    5    3
 -0.05777441842558725    5    5    5    4
 0.3785425835971449    5    5    5    5
 0.0728487023584896    6    1    3    1
 -1.198905180181334e-14    6    1    4    1
 -0.0017612248999554    6    1    4    3
 -0.001135378196250082    6    1    5    3
 0.06738536404769004    6    1    6    1
 2.291144130017138e-15    6    2    1    1
 2.502042816929783e-15    6    2    2    2
 0.01910093449483864    6    2    3    2
 -3.136868854353518e-15    6    2    4    2
 1.106596180655339e-15    6    2    4    4
 -1.191466933519492e-15    6    2    5    4
 0.01812411735282848    6    2    6    2
 0.2369312004954401    6    3    1    1
 0.2210477953114479    6    3    2    2
 -9.247261897010806e-15    6    3    3    1
 -1.958451998166379e-15    6    3    3    2
 0.1053611388273602    6    3    3    3
 -0.03427399775086232    6    3    4    1
 -2.633970336393817e-15    6    3    4    3
 0.1125537546017432    6    3    4    4
 -0.02058365243709196    6    3    5    1
 -2.876535867322637e-14    6    3    5    3
 -0.1250566994701198    6    3    5    4
 0.04650180157570374    6    3    5    5
 -1.78526337355412e-15    6    3    6    1
 1.205469813894549e-15    6    3    6    2
 0.1500290235077811    6    3    6    3
 -3.907944509424635e-14    6    4    1    1
 -3.643085329960383e-14    6    4    2    2
 -0.02489547771732045    6    4    3    1
 -2.564248297663622e-14    6    4    3    3
 9.491107554467853e-15    6    4    4    1
 -0.02727002430379271    6    4    4    3
 -1.013768140203286e-14    6    4    4    4
 3.445490354512805e-15    6    4    5    1
 -0.05492846084446259    6    4    5    3
 2.896068878885756e-14    6    4    5    4
 -8.668288670915725e-15    6    4    5    5
 -0.01112592745372835    6    4    6    1
 -1.680988032185737e-14    6    4    6    3
 0.05176270083829912    6    4    6    4
 -0.02695315304531758    6    5    3    1
 -1.930273268263548e-14    6    5    3    3
 4.247758709116562e-15    6    5    4    1
 -0.06185479614216162    6    5    4    3
 1.970486494177252e-14    6    5    4    4
 -0.05740850074926072    6    5    5    3
 8.341047135218667e-15    6    5    5    4
 -1.243924395018397e-15    6    5    5    5
 -0.006282163305423279    6    5    6    1
 7.227329031932047e-15    6    5    6    3
 0.04815411013081192    6    5    6    4
 0.08444653739230037    6    5    6    5
 0.4772719327308834    6    6    1    1
 0.45489780088335    6    6    2    2
 -1.567004241677811e-15    6    6    3    1
 -1.773506122722403e-15    6    6    3    2
 0.4113011123461546    6    6    3    3
 -0.007766004055421777    6    6    4    1
 -1.884445080781832e-15    6    6    4    3
 0.4033381238871114    6    6    4    4
 -0.02266519075698728    6    6    5    1
 -1.025358103391566e-14    6    6    5    3
 -0.05799224098095379    6    6    5    4
 0.3723894137281707    6    6    5    5
 0.0791083197623477    6    6    6    3
 -1.235702230952955e-14    6    6    6    4
 1.025325644512135e-15    6    6    6    5
 0.3991647910418487    6    6    6    6
 0.03643360496269166    7    1    1    1
 0.03586051553450803    7    1    2    2
 -1.539879115630036e-15    7    1    3    1
 0.019478230309627    7    1    3    3
 -0.00848260495566608    7    1    4    1
 0.02396540298101799    7    1    4    4
 0.0001065137722516966    7    1    5    1
 -1.668329703903656e-15    7    1    5    3
 -0.01150509436357513    7    1    5    4
 0.01715829115047317    7    1    5    5
 0.01178115847766552    7    1    6    3
 -2.098322234766543e-15    7    1    6    4
 0.02009127542783459    7    1    6    6
 0.005355529526926728    7    1    7    1
 0.008054181265623187    7    2    2    1
 -0.002885855934708994    7    2    4    2
 -0.0003053787691823632    7    2    5    2
 0.002266565164098148    7    2    7    2
 -3.171274053850934e-15    7    3    1    1
 -3.223611050457633e-15    7    3    2    2
 0.007441046163033691    7    3    3    1
 1.019348942089542e-14    7    3    3    3
 0.02225337415199577    7    3    4    3
 -5.584586345963815e-15    7    3    4    4
 0.02686317610118728    7    3    5    3
 1.887965155057687e-15    7    3    5    4
 5.287402292270161e-15    7    3    5    5
 -0.000177777631772035    7    3    6    1
 -9.737978309965553e-15    7    3    6    3
 -0.02429551176847497    7    3    6    4
 -0.03247707926691873    7    3    6    5
 3.748232263002754e-15    7    3    6    6
 0.03421106037276315    7    3    7    3
 -0.01806371485954413    7    4    1    1
 -0.01828321841889641    7    4    2    2
 0.01489251977640485    7    4    3    3
 0.01020762514434774    7    4    4    1
 -4.330541263872538e-15    7    4    4    3
 0.004524377820811168    7    4    4    4
 0.001709272066110888    7    4    5    1
 1.775187430294987e-15    7    4    5    3
 0.03025138372936287    7    4    5    4
 0.02232594004426708    7    4    5    5
 -0.03088111085051167    7    4    6    3
 8.01859961558097e-15    7    4    6    4
 3.89412629403861e-15    7    4    6    5
 0.01958403109416307    7    4    6    6
 0.0007081571708092622    7    4    7    1
 1.710220775193768e-15    7    4    7    3
 0.02922899591430832    7    4    7    4
 0.02610926971091996    7    5    1    1
 0.02297683719684566    7    5    2    2
 1.299522988036108e-15    7    5    3    1
 0.04578456749541058    7    5    3    3
 0.004533541827839834    7    5    4    1
 0.04260393863506737    7    5    4    4
 0.001627856399352745    7    5    5    1
 4.927218440256696e-15    7    5    5    3
 0.02038979803186589    7    5    5    4
 0.05118198721609485    7    5    5    5
 -0.0229145045917761    7    5    6    3
 2.381373873707806e-15    7    5    6    4
 -1.89210699769225e-15    7    5    6    5
 0.0496591864212143    7    5    6    6
 0.006900554093050953    7    5    7    1
 8.629313534238438e-15    7    5    7    3
 0.03258905622017315    7    5    7    4
 0.04766111734490149    7    5    7    5
 -1.579216068255241e-15    7    6    1    1
 -1.428190936932641e-15    7    6    2    2
 -0.008130105808747576    7    6    3    1
 -1.131361541954184e-14    7    6    3    3
 -0.02994953814431907    7    6    4    3
 7.666872571996167e-15    7    6    4    4
 -0.03428561373744259    7    6    5    3
 4.729235145038401e-15    7    6    5    4
 -2.639776599762523e-15    7    6    5    5
 0.002832305653724265    7    6    6    1
 4.572275207262361e-15    7    6    6    3
 0.02829876199247612    7    6    6    4
 0.039037887953414    7    6    6    5
 -1.505761087591007e-15    7    6    6    6
 -0.03671943989721836    7    6    7    3
 3.208411329080365e-15    7    6    7    4
 -3.964532856142241e-15    7    6    7    5
 0.04574740952695732    7    6    7    6
 0.2717849509568248    7    7    1    1
 0.2640638471224143    7    7    2    2
 6.453374598247565e-15    7    7    3    1
 0.3238873066495025    7    7    3    3
 0.02137855953153021    7    7    4    1
 5.604751020978583e-15    7    7    4    3
 0.3101216316116528    7    7    4    4
 -0.002469414567919394    7    7    5    1
 1.813804112657374e-14    7    7    5    3
 0.05269902328025065    7    7    5    4
 0.3353343410221593    7    7    5    5
 -0.05490071172435615    7    7    6    3
 -1.135819992128723e-14    7    7    6    5
 0.3321434266461387    7    7    6    6
 0.01148858000975387    7    7    7    1
 1.929591214394213e-14    7    7    7    3
 0.06371096413280045    7    7    7    4
 0.09198710168898823    7    7    7    5
 -1.064367036188167e-14    7    7    7    6
 0.4200372590247867    7    7    7    7
 1.062036993650448e-15    8    1    1    1
 1.04169323271052e-15    8    1    2    2
 0.002111576053203875    8    1    3    1
 -0.001835833722044998    8    1    4    3
 1.261755390012984e-15    8    1    4    4
 -0.004445468896062099    8    1    5    3
 0.002802013005359458    8    1    6    1
 0.00349173699029165    8    1    6    4
 0.002887474641886771    8    1    6    5
 -0.003982773678217011    8    1    7    3
 0.005099095896400311    8    1    7    6
 0.0009093447891746959    8    1    8    1
 0.0010654329438352    8    2    3    2
 0.0008094808159251583    8    2    6    2
 0.000224350498745303    8    2    8    2
 -0.001532301050887657    8    3    1    1
 -0.0002051013300851218    8    3    2    2
 -0.02680963415938283    8    3    3    3
 -0.003995950296843935    8    3    4    1
 -1.179107401998827e-15    8    3    4    3
 -0.02178901568003442    8    3    4    4
 -0.004451453423153976    8    3    5    1
 -6.448873975230602e-15    8    3    5    3
 -0.0242478395604416    8    3    5    4
 -0.03293932237037327    8    3    5    5
 0.02637622522235472    8    3    6    3
 -2.271346368902967e-15    8    3    6    4
 2.721973812583803e-15    8    3    6    5
 -0.03070588978725203    8    3    6    6
 -0.003446226306368347    8    3    7    1
 -9.025964449365318e-15    8    3    7    3
 -0.02954443541772911    8    3    7    4
 -0.03822852487486086    8    3    7    5
 4.848446300108379e-15    8    3    7    6
 -0.07377897700371421    8    3    7    7
 0.03276947574848762    8    3    8    3
 -0.004176894760624495    8    4    3    1
 1.524824856260502e-15    8    4    4    1
 -0.01947838217186293    8    4    4    3
 1.041629510877756e-14    8    4    4    4
 -0.02352217779043704    8    4    5    3
 8.221462605614426e-15    8    4    5    4
 6.140504585468037e-15    8    4    5    5
 0.002690756768387284    8    4    6    1
 -2.121131059522897e-15    8    4    6    3
 0.01992655304081186    8    4    6    4
 0.02664861718080586    8    4    6    5
 6.514928884664844e-15    8    4    6    6
 -0.02901277199098884    8    4    7    3
 9.30249643286429e-15    8    4    7    4
 5.784837178856119e-15    8    4    7    5
 0.03331737749697417    8    4    7    6
 9.156409769268096e-15    8    4    7    7
 0.00376523580160051    8    4    8    1
 -3.722601162501224e-15    8    4    8    3
 0.02569820176969298    8    4    8    4
 -0.01065688838366048    8    5    3    1
 -6.789308051674945e-15    8    5    3    3
 1.831688774472403e-15    8    5    4    1
 -0.02587860141263472    8    5    4    3
 9.186652593484421e-15    8    5    4    4
 -0.02893959405883937    8    5    5    3
 5.416838901889376e-15    8    5    5    4
 -0.001139614304181165    8    5    6    1
 2.582645585745321e-15    8    5    6    3
 0.02514756192829847    8    5    6    4
 0.03427763088164314    8    5    6    5
 1.884217080946532e-15    8    5    6    6
 -0.03773098406043281    8    5    7    3
 5.724085996072147e-15    8    5    7    4
 0.04447719976292652    8    5    7    6
 -3.572549617189865e-15    8    5    7    7
 0.004742837400194998    8    5    8    1
 2.146268080941465e-15    8    5    8    3
 0.03341241230453386    8    5    8    4
 0.04487703089473963    8    5    8    5
 0.0316064321824848    8    6    1    1
 0.02873522536685998    8    6    2    2
 0.04802821254220252    8    6    3    3
 0.007510007768091312    8    6    4    1
 -2.414953210445981e-15    8    6    4    3
 0.04203752127577576    8    6    4    4
 -0.002022930927086376    8    6    5    1
 0.01625575652446203    8    6    5    4
 0.04997309911090964    8    6    5    5
 -0.01651409578867912    8    6    6    3
 4.151557153416249e-15    8    6    6    4
 1.899886040463103e-15    8    6    6    5
 0.04955196291314191    8    6    6    6
 0.006035105349993475    8    6    7    1
 4.674348003723779e-15    8    6    7    3
 0.03211767942693657    8    6    7    4
 0.04522059606558966    8    6    7    5
 0.087157046744258    8    6    7    7
 -0.03669068218137926    8    6    8    3
 8.924883028712796e-15    8    6    8    4
 3.813687734497522e-15    8    6    8    5
 0.04418242839249225    8    6    8    6
 -0.03725584512505399    8    7    3    1
 -2.824096091590902e-14    8    7    3    3
 5.755271178187885e-15    8    7    4    1
 -0.09212094932829297    8    7    4    3
 2.944856576639115e-14    8    7    4    4
 -1.041031454596546e-15    8    7    5    2
 -0.1111160234540468    8    7    5    3
 1.659102573043145e-14    8    7    5    4
 -1.904011980519082e-15    8    7    5    5
 -0.003242791270410781    8    7    6    1
 1.429284837743514e-14    8    7    6    3
 0.09531967816774269    8    7    6    4
 0.1314130125241787    8    7    6    5
 1.982786972573408e-15    8    7    6    6
 -0.0734192598209434    8    7    7    3
 8.892079289132728e-15    8    7    7    4
 -4.153790840871433e-15    8    7    7    5
 0.08840377449021267    8    7    7    6
 -2.175424078202247e-14    8    7    7    7
 0.009213829027333153    8    7    8    1
 6.42476404178196e-15    8    7    8    3
 0.06327868065019843    8    7    8    4
 0.08100555489278233    8    7    8    5
 4.633913025836679e-15    8    7    8    6
 0.2590524790199069    8    7    8    7
 0.2490616389978584    8    8    1    1
 0.2419059605040601    8    8    2    2
 0.3124649110099877    8    8    3    3
 0.02647346163111256    8    8    4    1
 -1.086464063566429e-14    8    8    4    3
 0.2957883003011386    8    8    4    4
 -0.003030769238771307    8    8    5    1
 0.06395414085198563    8    8    5    4
 0.3286743906725455    8    8    5    5
 -0.06676490792563995    8    8    6    3
 1.933854440379307e-14    8    8    6    4
 1.144062859357479e-14    8    8    6    5
 0.3239210218500201    8    8    6    6
 0.01060965264129227    8    8    7    1
 6.76791451086965e-15    8    8    7    3
 0.06512399579285516    8    8    7    4
 0.09192873185964485    8    8    7    5
 4.795212464290781e-15    8    8    7    6
 0.4213919055189946    8    8    7    7
 1.270344773372417e-15    8    8    8    1
 -0.07420872997834851    8    8    8    3
 2.023757776007147e-14    8    8    8    4
 1.056680723242078e-14    8    8    8    5
 0.08641444115746197    8    8    8    6
 2.317698613566939e-14    8    8    8    7
 0.4247172817101884    8    8    8    8
 -0.04471509718038653    9    1    2    1
 1.000014470753207e-15    9    1    3    2
 0.006259116903327932    9    1    4    2
 0.007328532040523298    9    1    5    2
 -0.008697911354214619    9    1    7    2
 0.04062577815324925    9    1    9    1
 -0.2022405438511581    9    2    1    1
 -0.2143239203540893    9    2    2    2
 3.242292113233363e-15    9    2    3    1
 1.748841677592172e-15    9    2    3    2
 -0.09355546618297927    9    2    3    3
 0.02034734070526336    9    2    4    1
 -3.002987316855644e-15    9    2    4    3
 -0.112055102198973    9    2    4    4
 0.02513560904880069    9    2    5    1
 1.315135418988495e-14    9    2    5    3
 0.080496235613932    9    2    5    4
 -0.07758865530254251    9    2    5    5
 -0.08469982561303366    9    2    6    3
 1.399387209671793e-14    9    2    6    4
 -0.0895888863456317    9    2    6    6
 -0.02285068044712929    9    2    7    1
 2.468317170412687e-15    9    2    7    3
 0.0130594609979422    9    2    7    4
 -0.007477068532694387    9    2    7    5
 -0.01201547522304401    9    2    7    7
 -0.004556315373463441    9    2    8    3
 -0.007779113960542278    9    2    8    6
 -0.006373253267199636    9    2    8    8
 0.1546435003759903    9    2    9    2
 2.918789201168341e-15    9    3    1    1
 1.778535765114505e-15    9    3    2    1
 2.966951157772934e-15    9    3    2    2
 -0.002912604848409496    9    3    3    2
 1.43987677819166e-15    9    3    3    3
 1.626475847423711e-15    9    3    4    4
 -1.11589013917982e-15    9    3    5    4
 1.180048030850509e-15    9    3    5    5
 -0.004545373790007171    9    3    6    2
 1.249403868578787e-15    9    3    6    3
 1.394492908828343e-15    9    3    6    6
 -0.0002090955903180044    9    3    8    2
 -2.285998382968637e-15    9    3    9    2
 0.01010811518322074    9    3    9    3
 0.01116607100962294    9    4    2    1
 -0.005486902439070764    9    4    4    2
 0.003690465120187736    9    4    5    2
 0.001569220162017742    9    4    7    2
 -0.003234001063177165    9    4    9    1
 0.01197858025324776    9    4    9    4
 0.01363821839437832    9    5    2    1
 0.00459035686275083    9    5    4    2
 -0.006081813198783963    9    5    5    2
 -0.0006371070820344048    9    5    7    2
 -0.003782873846113751    9    5    9    1
 -0.005994711075162691    9    5    9    4
 0.007551546745559838    9    5    9    5
 -0.005813702140459586    9    6    3    2
 -0.006088276092021709    9    6    6    2
 -0.0006948200748057454    9    6    8    2
 0.007303856981434928    9    6    9    3
 -1.201919583126101e-15    9    6    9    4
 0.007092593777693651    9    6    9    6
 -0.02269304275219411    9    7    2    1
 0.003064368626809428    9    7    4    2
 0.0003075016369244499    9    7    5    2
 0.0001051231558513606    9    7    7    2
 -1.039342073474985e-15    9    7    8    7
 0.002309003113682911    9    7    9    1
 -0.003278970506250289    9    7    9    4
 -0.002105809399099376    9    7    9    5
 0.0057026280611131    9    7    9    7
 1.013111382004994e-15    9    8    1    1
 1.113046206300087e-15    9    8    2    2
 -0.00017932622457699    9    8    3    2
 -0.0006678679888452346    9    8    6    2
 0.0002044026478885958    9    8    8    2
 0.001452684956257134    9    8    9    3
 0.0005213548929188564    9    8    9    6
 0.0005934842626329738    9    8    9    8
 0.6180416012929666    9    9    1    1
 0.648814773964738    9    9    2    2
 -4.790218307039086e-15    9    9    3    1
 -4.223362752616362e-15    9    9    3    2
 0.4288813023389324    9    9    3    3
 -0.03006324993482786    9    9    4    1
 5.233057638034877e-15    9    9    4    3
 0.4600039143496399    9    9    4    4
 -0.03896477253248298    9    9    5    1
 -2.564978145670242e-14    9    9    5    3
 -0.1569117728800384    9    9    5    4
 0.3746837676597435    9    9    5    5
 1.42256653341676e-15    9    9    6    2
 0.1660667412779898    9    9    6    3
 -2.741945909096039e-14    9    9    6    4
 0.3951785521582308    9    9    6    6
 0.02450768514035448    9    9    7    1
 -2.25348249009646e-15    9    9    7    3
 -0.01279319754623125    9    9    7    4
 0.01900730036596428    9    9    7    5
 -1.225504503941682e-15    9    9    7    6
 0.2539165463297492    9    9    7    7
 -0.001176323686621255    9    9    8    3
 0.02436908127558267    9    9    8    6
 0.2353257656739237    9    9    8    8
 -0.1482825331151754    9    9    9    2
 2.047906503527437e-15    9    9    9    3
 0.5707188984152033    9    9    9    9
 0.04466100959383672   10    1    1    1
 0.04314031308857331   10    1    2    2
 -8.85129327528975e-15   10    1    3    1
 0.02288115854729445   10    1    3    3
 -0.04089077365065028   10    1    4    1
 2.712510514055146e-15   10    1    4    3
 0.03675116797361322   10    1    4    4
 0.02559471483393654   10    1    5    1
 -1.653705317424473e-15   10    1    5    3
 -0.01409521277951742   10    1    5    4
 0.01091406768705733   10    1    5    5
 -2.282349906895935e-15   10    1    6    1
 0.01666223888618539   10    1    6    3
 -2.692335771943031e-15   10    1    6    4
 0.02280433288849648   10    1    6    6
 0.009938006852594862   10    1    7    1
 -2.062818296064639e-15   10    1    7    3
 -0.01005741754582666   10    1    7    4
 0.00625351014201259   10    1    7    5
 0.007383237542893864   10    1    7    7
 0.0009307434919905776   10    1    8    3
 0.001527821808470682   10    1    8    6
 0.005057320622962888   10    1    8    8
 -0.02906884166568734   10    1    9    2
 0.03058182991095347   10    1    9    9
 0.04794152953607853   10    1   10    1
 0.007488020063302794   10    2    2    1
 -2.256116028605852e-15   10    2    3    2
 -0.01052445224616474   10    2    4    2
 0.006769988331482099   10    2    5    2
 0.003927396626790852   10    2    7    2
 -0.01032625728853306   10    2    9    1
 3.039877465870045e-15   10    2    9    3
 0.013674811516326   10    2    9    4
 -0.008964419259393423   10    2    9    5
 -0.001304346269727832   10    2    9    7
 0.0193696061580036   10    2   10    2
 -3.284998559355785e-14   10    3    1    1
 -3.081470244885504e-14   10    3    2    2
 0.001264300514554704   10    3    3    1
 -1.832659402815003e-14   10    3    3    3
 4.968540101052371e-15   10    3    4    1
 -0.0077854600348449   10    3    4    3
 -1.755389371039456e-14   10    3    4    4
 2.694461348190552e-15   10    3    5    1
 -0.004049547118523545   10    3    5    3
 1.412978811891845e-14   10    3    5    4
 -1.434450522372633e-14   10    3    5    5
 0.002614176298916665   10    3    6    1
 -1.341609324712047e-14   10    3    6    3
 0.0008481874149576595   10    3    6    4
 0.009763389460087308   10    3    6    5
 -1.598703068040679e-14   10    3    6    6
 -4.347043543093489e-15   10    3    7    1
 -0.002706323323030657   10    3    7    3
 2.141583999733161e-15   10    3    7    4
 -3.28446681961418e-15   10    3    7    5
 0.008226440950488948   10    3    7    6
 -5.524136786206586e-15   10    3    7    7
 0.001270225717574562   10    3    8    1
 0.003861614034080474   10    3    8    4
 0.006071794592217382   10    3    8    5
 -2.088285787729104e-15   10    3    8    6
 0.01521788056302838   10    3    8    7
 -2.099155974563477e-15   10    3    8    8
 2.052181188535148e-14   10    3    9    2
 -2.206838086285837e-14   10    3    9    9
 -7.243015568579653e-15   10    3   10    1
 0.01147398952050711   10    3   10    3
 -0.1525013203647515   10    4    1    1
 -0.1431855476065036   10    4    2    2
 4.624589709155721e-15   10    4    3    1
 1.068459250479399e-15   10    4    3    2
 -0.07298920192547895   10    4    3    3
 0.02689731555030241   10    4    4    1
 -2.881634544714503e-15   10    4    4    3
 -0.09575403823210568   10    4    4    4
 0.009638262359647981   10    4    5    1
 1.110836248478314e-14   10    4    5    3
 0.06480632886613789   10    4    5    4
 -0.06664402946562221   10    4    5    5
 -0.06115454333019728   10    4    6    3
 9.957686209522578e-15   10    4    6    4
 -1.005676186998972e-15   10    4    6    5
 -0.07189965572026651   10    4    6    6
 -0.01969529800712038   10    4    7    1
 1.865177880420149e-15   10    4    7    3
 0.009695840096593947   10    4    7    4
 -0.01362083373922904   10    4    7    5
 -0.01867797217436887   10    4    7    7
 0.0005097241154420443   10    4    8    3
 -0.0106327740553169   10    4    8    6
 -1.492143415600525e-15   10    4    8    7
 -0.01457006577408565   10    4    8    8
 0.09327281427323031   10    4    9    2
 -1.475812143325519e-15   10    4    9    3
 -0.1031146600123921   10    4    9    9
 -0.03375473226520885   10    4   10    1
 1.875837469818389e-14   10    4   10    3
 0.09665008096763285   10    4   10    4
 0.1258067692637206   10    5    1    1
 0.1176811638557883   10    5    2    2
 0.05539427228198578   10    5    3    3
 -0.004008748822913665   10    5    4    1
 3.018004761935749e-15   10    5    4    3
 0.0756853075434034   10    5    4    4
 -0.02211185271916333   10    5    5    1
 -1.093513762678189e-14   10    5    5    3
 -0.06081243458736992   10    5    5    4
 0.04920554606645501   10    5    5    5
 0.05601827723716481   10    5    6    3
 -8.392287701336013e-15   10    5    6    4
 0.04902496297420415   10    5    6    6
 0.01256072381866526   10    5    7    1
 -3.946753613464873e-15   10    5    7    3
 -0.0164960664232097   10    5    7    4
 -0.001029291075469486   10    5    7    5
 -0.005181134525559657   10    5    7    7
 0.009634168666277325   10    5    8    3
 -1.135167057730836e-15   10    5    8    4
 -0.00198673223117237   10    5    8    6
 1.816291090705488e-15   10    5    8    7
 -0.008813624187323562   10    5    8    8
 -0.07119973192415971   10    5    9    2
 1.080414585642364e-15   10    5    9    3
 0.08662071744140308   10    5    9    9
 0.01939952235663613   10    5   10    1
 -1.445625378100585e-14   10    5   10    3
 -0.06833222651644048   10    5   10    4
 0.05792503203266355   10    5   10    5
 -1.028265765797225e-14   10    6    1    1
 -9.654202723254249e-15   10    6    2    2
 0.002323023780999724   10    6    3    1
 -5.045070317841546e-15   10    6    3    3
 -0.0002369449489536734   10    6    4    3
 -5.200440259253742e-15   10    6    4    4
 1.42708863048933e-15   10    6    5    1
 0.009531572965299792   10    6    5    3
 3.20002503499499e-15   10    6    5    4
 -2.931207621532745e-15   10    6    5    5
 0.00143005744838944   10    6    6    1
 -7.202770119988244e-15   10    6    6    3
 -0.0106919180736372   10    6    6    4
 -0.005106002617545894   10    6    6    5
 -4.41421949481062e-15   10    6    6    6
 0.009343191245308852   10    6    7    3
 -0.005666271571495664   10    6    7    6
 2.352536180751687e-15   10    6    7    7
 -0.0005097268138405886   10    6    8    1
 -1.561050961682941e-15   10    6    8    3
 -0.006816156017715932   10    6    8    4
 -0.007070922299035564   10    6    8    5
 -0.01694706193666104   10    6    8    7
 5.428017024704677e-15   10    6    9    2
 -7.260351031914749e-15   10    6    9    9
 -1.87093155918799e-15   10    6   10    1
 0.007451671656429681   10    6   10    3
 3.212233349935658e-15   10    6   10    4
 -4.082174130028963e-15   10    6   10    5
 0.01105684846656256   10    6   10    6
 0.05406500515396808   10    7    1    1
 0.05251525670008069   10    7    2    2
 -6.901419681160722e-15   10    7    3    1
 0.01153883881965802   10    7    3    3
 -0.02973936918211366   10    7    4    1
 0.02436350756957802   10    7    4    4
 0.009252503866691025   10    7    5    1
 -9.436360044024174e-15   10    7    5    3
 -0.04094656937155528   10    7    5    4
 -0.0003218138850617302   10    7    5    5
 -1.159170807363104e-15   10    7    6    1
 0.04169793824528992   10    7    6    3
 -4.328655179188491e-15   10    7    6    4
 2.898518637260491e-15   10    7    6    5
 0.005810632328109482   10    7    6    6
 0.002889633626855579   10    7    7    1
 -4.451509463331523e-15   10    7    7    3
 -0.01399362013093005   10    7    7    4
 -0.01504234050405851   10    7    7    5
 2.646585734284485e-15   10    7    7    6
 -0.03695012548606512   10    7    7    7
 0.013367168518301   10    7    8    3
 -1.103777086424413e-15   10    7    8    4
 1.427372678676527e-15   10    7    8    5
 -0.0136536689565919   10    7    8    6
 5.953433049881405e-15   10    7    8    7
 -0.04099094309678816   10    7    8    8
 -0.02168571276533071   10    7    9    2
 0.04104169613951261   10    7    9    9
 0.008291313352562975   10    7   10    1
 -3.181323236768552e-15   10    7   10    3
 -0.01804217342947305   10    7   10    4
 0.01366664737230359   10    7   10    5
 -1.672981286270336e-15   10    7   10    6
 0.02160150342528601   10    7   10    7
 -1.099424953189367e-15   10    8    1    1
 -1.037926675126732e-15   10    8    2    2
 0.008689659454355432   10    8    3    1
 4.418816171586936e-15   10    8    3    3
 -1.509650369494981e-15   10    8    4    1
 0.01470142632655787   10    8    4    3
 -5.010418888642788e-15   10    8    4    4
 0.01936476814815486   10    8    5    3
 -2.038544340731636e-15   10    8    5    4
 0.002673176264861271   10    8    6    1
 -3.471892060505032e-15   10    8    6    3
 -0.01736070846607058   10    8    6    4
 -0.02120819634771883   10    8    6    5
 0.01325381780376611   10    8    7    3
 -1.075255266342214e-15   10    8    7    4
 1.349493474984858e-15   10    8    7    5
 -0.01638858889823862   10    8    7    6
 4.80904259094272e-15   10    8    7    7
 -0.001656595285360224   10    8    8    1
 -1.696030497462082e-15   10    8    8    3
 -0.01140138664562134   10    8    8    4
 -0.0153515049664208   10    8    8    5
 -0.04427687131223199   10    8    8    7
 -2.871951983241831e-15   10    8    8    8
 -0.002308310120914983   10    8   10    3
 0.002943274023113613   10    8   10    6
 -1.348237405068358e-15   10    8   10    7
 0.008335236836266656   10    8   10    8
 -0.02663393235313012   10    9    2    1
 5.009358236789972e-15   10    9    3    2
 0.02284133800937665   10    9    4    2
 -0.01327506387099052   10    9    5    2
 1.117512228258204e-15   10    9    6    2
 -0.001962043410284811   10    9    7    2
 0.00489815765465619   10    9    9    1
 -0.003981476436894942   10    9    9    4
 0.00132101577564211   10    9    9    5
 0.006871028829659639   10    9    9    7
 -0.006523035603030123   10    9   10    2
 0.03056779629452902   10    9   10    9
 0.6299219239924055   10   10    1    1
 0.6077587763778346   10   10    2    2
 -1.41058207706139e-14   10   10    3    1
 -3.454179005929883e-15   10   10    3    2
 0.4320930218456168   10   10    3    3
 -0.07181939820503204   10   10    4    1
 1.416411699875121e-14   10   10    4    3
 0.5035123529021693   10   10    4    4
 -0.008430271541302001   10   10    5    1
 -3.155997774628759e-14   10   10    5    3
 -0.187377238348563   10   10    5    4
 0.3923021862068404   10   10    5    5
 -2.772183450987239e-15   10   10    6    1
 1.683718232794386e-15   10   10    6    2
 0.1735678046719221   10   10    6    3
 -2.70077976755869e-14   10   10    6    4
 -1.588879694009639e-15   10   10    6    5
 0.4022440299393217   10   10    6    6
 0.02772345037473638   10   10    7    1
 -1.525744301431101e-15   10   10    7    3
 -0.01325313494425494   10   10    7    4
 0.02318489828897881   10   10    7    5
 -1.903702675550539e-15   10   10    7    6
 0.2568531819237587   10   10    7    7
 -0.004978654152517213   10   10    8    3
 0.02585422636940354   10   10    8    6
 0.2352834539885013   10   10    8    8
 -0.1467273965933142   10   10    9    2
 2.093914601559297e-15   10   10    9    3
 0.527270347188319   10   10    9    9
 0.04468632639327542   10   10   10    1
 -2.583579717707872e-14   10   10   10    3
 -0.1206898996060786   10   10   10    4
 0.09423174088642003   10   10   10    5
 -7.93371178313664e-15   10   10   10    6
 0.05791475924087421   10   10   10    7
 0.6054533418085106   10   10   10   10
 -4.933473190736047e-15   11    1    1    1
 -4.744284941856569e-15   11    1    2    2
 -0.03432338791356872   11    1    3    1
 8.159990358618061e-15   11    1    4    1
 0.007557964546752225   11    1    4    3
 -5.858067546773559e-15   11    1    4    4
 -1.110811293944895e-15   11    1    5    1
 0.01023451770029625   11    1    5    3
 -1.496027892768821e-15   11    1    5    5
 -0.0366069638511229   11    1    6    1
 -1.786940843010268e-15   11    1    6    3
 0.0006819954806040387   11    1    6    4
 0.001399082519002954   11    1    6    5
 -2.398950412531075e-15   11    1    6    6
 -0.005251409660968024   11    1    7    3
 1.637186506513123e-15   11    1    7    4
 -0.006722667468446289   11    1    7    6
 -0.002827616654997808   11    1    8    1
 -0.000537625938239356   11    1    8    4
 -0.0001185158970852817   11    1    8    5
 -0.007044598499618904   11    1    8    7
 3.305083314758872e-15   11    1    9    2
 -3.341885996063631e-15   11    1    9    9
 -0.007555201333961982   11    1   10    3
 4.15848482597305e-15   11    1   10    4
 -2.30541637139195e-15   11    1   10    5
 -0.008072291550547173   11    1   10    6
 0.001166947022093587   11    1   10    8
 -3.528051825281965e-15   11    1   10   10
 0.04581153567670374   11    1   11    1
 -2.731726501971521e-15   11    2    1    1
 -2.906755829524463e-15   11    2    2    2
 -0.008585069953835836   11    2    3    2
 -1.13166500113693e-15   11    2    3    3
 2.067247088608727e-15   11    2    4    2
 -1.544970924898267e-15   11    2    4    4
 1.041527231364992e-15   11    2    5    4
 -1.119949038705711e-15   11    2    5    5
 -0.009767642572856818   11    2    6    2
 -1.034497602830872e-15   11    2    6    3
 -1.357742699835284e-15   11    2    6    6
 -0.0007855104662398375   11    2    8    2
 1.184765219072503e-15   11    2    9    1
 1.876903325652866e-15   11    2    9    2
 0.01290001358919184   11    2    9    3
 -2.927024279198176e-15   11    2    9    4
 0.01106638675549631   11    2    9    6
 0.001463747970410924   11    2    9    8
 -1.883773286233327e-15   11    2    9    9
 1.260083366519584e-15   11    2   10    4
 -1.985775645452061e-15   11    2   10   10
 0.01830597359872468   11    2   11    2
 -0.1265716420897183   11    3    1    1
 -0.1185514742912725   11    3    2    2
 3.361034722991021e-15   11    3    3    1
 -0.06073528665090572   11    3    3    3
 0.01358374095096785   11    3    4    1
 -1.567917042089454e-15   11    3    4    3
 -0.06888670216814641   11    3    4    4
 0.01776230767927791   11    3    5    1
 8.519213492848578e-15   11    3    5    3
 0.0494164995135342   11    3    5    4
 -0.05064900466587544   11    3    5    5
 -0.0579250729686639   11    3    6    3
 9.031779784890826e-15   11    3    6    4
 -0.06679310981394303   11    3    6    6
 -0.01670995317614493   11    3    7    1
 1.312969140408279e-15   11    3    7    3
 0.00705057426301303   11    3    7    4
 -0.008335495781490737   11    3    7    5
 -0.01167101719774116   11    3    7    7
 -0.002043918028415579   11    3    8    3
 -0.007880195330678415   11    3    8    6
 -0.009681323647594916   11    3    8    8
 0.08466060094392247   11    3    9    2
 -1.556694921318787e-15   11    3    9    3
 -0.08347415195870959   11    3    9    9
 -0.02048014422585912   11    3   10    1
 1.687509940598715e-14   11    3   10    3
 0.06556697067498213   11    3   10    4
 -0.04839462287735892   11    3   10    5
 5.302396378544e-15   11    3   10    6
 -0.01109595921274477   11    3   10    7
 -0.08998129412822704   11    3   10   10
 2.513115984132965e-15   11    3   11    1
 1.207349882431054e-15   11    3   11    2
 0.08170192865990959   11    3   11    3
 2.998204015044477e-14   11    4    1    1
 2.810694302752675e-14   11    4    2    2
 0.008532717033550232   11    4    3    1
 1.287459024245007e-14   11    4    3    3
 -5.339047434390392e-15   11    4    4    1
 -0.004936930573731303   11    4    4    3
 1.87614497567908e-14   11    4    4    4
 -3.354185892315851e-15   11    4    5    1
 0.0006262142861778956   11    4    5    3
 -1.207755465589938e-14   11    4    5    4
 1.215594430550312e-14   11    4    5    5
 0.007297313657070801   11    4    6    1
 1.271279465982415e-14   11    4    6    3
 -0.002847685248915832   11    4    6    4
 0.007811429152915502   11    4    6    5
 1.536493493227148e-14   11    4    6    6
 3.900140002718312e-15   11    4    7    1
 -0.001317292568070369   11    4    7    3
 -1.648949346146512e-15   11    4    7    4
 2.08283953935713e-15   11    4    7    5
 0.003956623530698903   11    4    7    6
 2.339730304661911e-15   11    4    7    7
 0.0009248300980781487   11    4    8    1
 0.001437576571321351   11    4    8    4
 0.002487006215773104   11    4    8    5
 2.071170659718721e-15   11    4    8    6
 0.007887930761426323   11    4    8    7
 3.117730399795972e-15   11    4    8    8
 -1.939139712763393e-14   11    4    9    2
 1.994717133882947e-14   11    4    9    9
 5.507954175675205e-15   11    4   10    1
 0.01095987092510978   11    4   10    3
 -1.747693063818569e-14   11    4   10    4
 1.182553705451918e-14   11    4   10    5
 0.007574374930715279   11    4   10    6
 2.861497718689755e-15   11    4   10    7
 -0.0006927698427881368   11    4   10    8
 2.104611662421802e-14   11    4   10   10
 -0.004213104994777579   11    4   11    1
 -1.566285561259829e-14   11    4   11    3
 0.01358438724998448   11    4   11    4
 -6.307172905022498e-15   11    5    1    1
 -5.891813686998319e-15   11    5    2    2
 0.01317390852264717   11    5    3    1
 -3.168849809355176e-15   11    5    3    3
 -1.806857370679264e-15   11    5    4    1
 -0.001257738261454861   11    5    4    3
 -3.585297594440772e-15   11    5    4    4
 -0.01173961860943854   11    5    5    3
 4.750081860493394e-15   11    5    5    4
 -2.774835291720019e-15   11    5    5    5
 0.01328182526488788   11    5    6    1
 -1.058321148546733e-15   11    5    6    3
 0.01036867142579741   11    5    6    4
 0.006154304696555151   11    5    6    5
 -2.475644907270877e-15   11    5    6    6
 -0.00727075701689505   11    5    7    3
 1.824815082520277e-15   11    5    7    4
 0.004886487689915899   11    5    7    6
 -1.492224443862545e-15   11    5    7    7
 0.0012424119311787   11    5    8    1
 0.005313146143365678   11    5    8    4
 0.004516264261634272   11    5    8    5
 0.01805078285566677   11    5    8    7
 1.806442070796421e-15   11    5    8    8
 3.792606563762063e-15   11    5    9    2
 -4.218700240726474e-15   11    5    9    9
 -1.634185422814282e-15   11    5   10    1
 -0.005652988973053413   11    5   10    3
 4.549938332272194e-15   11    5   10    4
 -2.27022713460621e-15   11    5   10    5
 -0.009072208864835382   11    5   10    6
 -0.002902666854183473   11    5   10    8
 -4.681640398372377e-15   11    5   10   10
 -0.003817595524441369   11    5   11    1
 2.329776697541411e-15   11    5   11    3
 -0.003997197196653873   11    5   11    4
 0.01309468751168013   11    5   11    5
 -0.1688830347596307   11    6    1    1
 -0.1586178850500712   11    6    2    2
 1.944480123628431e-15   11    6    3    1
 1.123973420932942e-15   11    6    3    2
 -0.08315104982452098   11    6    3    3
 0.0135612118323354   11    6    4    1
 -1.064381441536852e-15   11    6    4    3
 -0.09043243285409966   11    6    4    4
 0.02303351970086997   11    6    5    1
 1.176995398225975e-14   11    6    5    3
 0.07430477499133002   11    6    5    4
 -0.05469158025728205   11    6    5    5
 -0.087694700508579   11    6    6    3
 1.500074129037094e-14   11    6    6    4
 -0.07418206299449244   11    6    6    6
 -0.0158280839277878   11    6    7    1
 2.474010074657805e-15   11    6    7    3
 0.0157466709290706   11    6    7    4
 0.0005217355783928906   11    6    7    5
 0.006598527781053676   11    6    7    7
 -0.01008547791494643   11    6    8    3
 2.237397917096175e-15   11    6    8    4
 -0.001655384936140402   11    6    8    6
 0.01220504831063458   11    6    8    8
 0.08950220830995249   11    6    9    2
 -1.384778540826679e-15   11    6    9    3
 -0.1187453484235095   11    6    9    9
 -0.02215573473436828   11    6   10    1
 1.505469564650528e-14   11    6   10    3
 0.06695361770137269   11    6   10    4
 -0.05605980687691783   11    6   10    5
 4.557039557592033e-15   11    6   10    6
 -0.01963056742428831   11    6   10    7
 -0.1219565651704571   11    6   10   10
 3.345415220274426e-15   11    6   11    1
 1.406130524925068e-15   11    6   11    2
 0.07521462416158592   11    6   11    3
 -1.685129760818744e-14   11    6   11    4
 3.505978138739129e-15   11    6   11    5
 0.08622630125179027   11    6   11    6
 -2.973370041683299e-15   11    7    1    1
 -2.894247943040672e-15   11    7    2    2
 -0.02250267878497515   11    7    3    1
 -4.073788725846478e-15   11    7    3    3
 5.262417513852097e-15   11    7    4    1
 -0.01043626250558135   11    7    4    3
 1.667694775175763e-15   11    7    4    4
 -0.01650247208991847   11    7    5    3
 4.505432535199912e-15   11    7    5    4
 -0.01604891496046346   11    7    6    1
 0.01628686282867816   11    7    6    4
 0.01580708197858969   11    7    6    5
 -0.009031449827134648   11    7    7    3
 1.499425377168241e-15   11    7    7    4
 0.01365488598961053   11    7    7    6
 -1.560707176481759e-15   11    7    7    7
 0.0007823443412305811   11    7    8    1
 0.008614713124937058   11    7    8    4
 0.01279010112753413   11    7    8    5
 1.046271424913219e-15   11    7    8    6
 0.03395046648740666   11    7    8    7
 4.588659347712879e-15   11    7    8    8
 -2.42410932319549e-15   11    7    9    9
 0.002393728156047619   11    7   10    3
 -0.001828436140227107   11    7   10    6
 -0.007137651402331805   11    7   10    8
 -2.242132105903353e-15   11    7   10   10
 0.002822733986106781   11    7   11    1
 -0.001926745108365121   11    7   11    4
 -0.002300054246673615   11    7   11    5
 0.0119066091625655   11    7   11    7
 -0.01451366123777797   11    8    1    1
 -0.01368080866570045   11    8    2    2
 0.001070792807804574   11    8    3    3
 0.005795934397878833   11    8    4    1
 -1.928081263327365e-15   11    8    4    3
 -0.001777522066922704   11    8    4    4
 0.001090474482057863   11    8    5    1
 0.01424028414856335   11    8    5    4
 0.004985096286046336   11    8    5    5
 -0.01595020732756596   11    8    6    3
 4.323424721970138e-15   11    8    6    4
 2.046801489787578e-15   11    8    6    5
 0.001972784835437062   11    8    6    6
 -0.0007210455697467461   11    8    7    1
 0.008878287024309872   11    8    7    4
 0.0107790316036136   11    8    7    5
 1.218081858569256e-15   11    8    7    6
 0.0224050774616973   11    8    7    7
 -0.009372700696807158   11    8    8    3
 2.863275694788729e-15   11    8    8    4
 1.876172107182657e-15   11    8    8    5
 0.01034335591334009   11    8    8    6
 4.277188766884185e-15   11    8    8    7
 0.02290841964175586   11    8    8    8
 0.01022049750318444   11    8    9    2
 -0.009050305163673739   11    8    9    9
 -0.001398280699650358   11    8   10    1
 1.697148237407097e-15   11    8   10    3
 0.005937608558234038   11    8   10    4
 -0.006958620447530935   11    8   10    5
 -0.007081695885701522   11    8   10    7
 -0.01186442062166427   11    8   10   10
 0.008001254658418042   11    8   11    3
 -1.612736932238979e-15   11    8   11    4
 0.01015031839850424   11    8   11    6
 1.125384491684159e-15   11    8   11    7
 0.004636457593451406   11    8   11    8
 3.067730810662248e-15   11    9    2    1
 1.194858313922478e-15   11    9    2    2
 0.02049356860769928   11    9    3    2
 -4.777357883332179e-15   11    9    4    2
 0.01817152575047299   11    9    6    2
 0.001396152297610104   11    9    8    2
 -0.0009399011388556296   11    9    9    3
 -0.005336461529703017   11    9    9    6
 0.0001392002968650021   11    9    9    8
 -0.007190406869265169   11    9   11    2
 0.0268380789036869   11    9   11    9
 1.200972967094109e-15   11   10    1    1
 -0.0208134452267294   11   10    3    1
 8.940951694985948e-15   11   10    3    3
 6.740485133254564e-15   11   10    4    1
 0.0169936503978702   11   10    4    3
 -6.576936753100076e-15   11   10    4    4
 -2.4809004394062e-15   11   10    5    1
 -0.009586704479645118   11   10    5    3
 3.432963855786504e-15   11   10    5    4
 -0.02119077358794399   11   10    6    1
 3.457966402772734e-15   11   10    6    3
 0.01456938208153712   11   10    6    4
 -0.01157609370181192   11   10    6    5
 2.680466331666838e-15   11   10    6    6
 0.003479427438895685   11   10    7    3
 -0.003140876932160515   11   10    7    6
 1.884388365323785e-15   11   10    7    7
 0.0002375077931970104   11   10    8    1
 -0.002622531574145972   11   10    8    4
 -0.003011819029355585   11   10    8    5
 -0.003929222883929878   11   10    8    7
 1.318897904770465e-15   11   10    8    8
 -0.003434555871874669   11   10   10    3
 -0.004479386911828402   11   10   10    6
 -0.001778063684462115   11   10   10    8
 0.005576887531715042   11   10   11    1
 -2.007777593901182e-15   11   10   11    3
 -0.007475536821447006   11   10   11    4
 0.0001154177571151466   11   10   11    5
 -1.34710213184241e-15   11   10   11    6
 0.009687756393525617   11   10   11    7
 0.03243279832947606   11   10   11   10
 0.6431549601363671   11   11    1    1
 0.6186665677604583   11   11    2    2
 -2.876913334065131e-15   11   11    3    2
 0.4795213152703314   11   11    3    3
 -0.03355362863197846   11   11    4    1
 -1.331138758494333e-15   11   11    4    3
 0.4800919844945052   11   11    4    4
 -0.03659138871427162   11   11    5    1
 -2.421752810809542e-14   11   11    5    3
 -0.1580740621289873   11   11    5    4
 0.3951226758417166   11   11    5    5
 4.294448674549754e-15   11   11    6    1
 2.121997152123175e-15   11   11    6    2
 0.1942974271344959   11   11    6    3
 -3.450092961749296e-14   11   11    6    4
 0.4406849869200925   11   11    6    6
 0.02673492834987931   11   11    7    1
 -1.893735933552573e-15   11   11    7    3
 -0.008735390355359494   11   11    7    4
 0.02484622799847396   11   11    7    5
 -1.394837460047184e-15   11   11    7    6
 0.2732373877534279   11   11    7    7
 -0.00466134362361024   11   11    8    3
 1.482876899753252e-15   11   11    8    4
 0.0321595852056365   11   11    8    6
 0.2537485786685199   11   11    8    8
 -0.154896450861079   11   11    9    2
 2.230599029036246e-15   11   11    9    3
 0.5351911868587036   11   11    9    9
 0.03310859870782363   11   11   10    1
 -2.529573512165798e-14   11   11   10    3
 -0.1174093119016171   11   11   10    4
 0.09344869186763374   11   11   10    5
 -8.320368536197466e-15   11   11   10    6
 0.04408375335274132   11   11   10    7
 0.5466630749618607   11   11   10   10
 -5.100152815684201e-15   11   11   11    1
 -2.265507856877696e-15   11   11   11    2
 -0.1028782052976145   11   11   11    3
 2.506712678693636e-14   11   11   11    4
 -4.039332682271008e-15   11   11   11    5
 -0.1433999859381914   11   11   11    6
 -4.37422242501899e-15   11   11   11    7
 -0.01138513124162329   11   11   11    8
 0.6080278592176074   11   11   11   11
 -0.1546521261868983   12    1    1    1
 -0.1485337179155254   12    1    2    2
 1.458756570787232e-15   12    1    3    1
 1.171559514970687e-15   12    1    3    2
 -0.06876685368833847   12    1    3    3
 0.006481727145828349   12    1    4    1
 -2.081696590175569e-15   12    1    4    3
 -0.08097380326827254   12    1    4    4
 0.02924058592471038   12    1    5    1
 1.076473979720651e-14   12    1    5    3
 0.06660405482753881   12    1    5    4
 -0.06006386955258779   12    1    5    5
 -0.06972160459229061   12    1    6    3
 1.149265370352659e-14   12    1    6    4
 -0.06780071394671137   12    1    6    6
 -0.01722345184390913   12    1    7    1
 2.138802144506564e-15   12    1    7    3
 0.010399938596021   12    1    7    4
 -0.003410611524746266   12    1    7    5
 -0.002657589892766591   12    1    7    7
 -0.005728239836599785   12    1    8    3
 -0.0046620373371138   12    1    8    6
 0.001025307754921985   12    1    8    8
 0.1062211357530332   12    1    9    2
 -1.668965772986175e-15   12    1    9    3
 -0.1044963733609306   12    1    9    9
 -0.01162562063830464   12    1   10    1
 1.754408719742667e-14   12    1   10    3
 0.07823485997986841   12    1   10    4
 -0.06138441324234889   12    1   10    5
 4.787599913182324e-15   12    1   10    6
 -0.0164820593721806   12    1   10    7
 -0.1088950963302609   12    1   10   10
 1.405553691026003e-15   12    1   11    1
 1.432750763464296e-15   12    1   11    2
 0.0750379604742395   12    1   11    3
 -1.674109855827043e-14   12    1   11    4
 3.237832638782198e-15   12    1   11    5
 0.07662800075619847   12    1   11    6
 0.008945792731833185   12    1   11    8
 -1.104450419335887e-15   12    1   11   10
 -0.1203196239523747   12    1   11   11
 0.09194651922497282   12    1   12    1
 -0.02422845495606553   12    2    2    1
 0.001811333201506489   12    2    4    2
 0.007917705047132254   12    2    5    2
 -0.007901222655332862   12    2    7    2
 0.03849350042186241   12    2    9    1
 0.001794664794206446   12    2    9    4
 -0.004968003676423034   12    2    9    5
 -0.001470129615287938   12    2    9    7
 -0.005708526723207387   12    2   10    2
 -0.001294551555222186   12    2   10    9
 0.04115275665793672   12    2   12    2
 1.46251673779969e-15   12    3    1    1
 1.43949850103542e-15   12    3    2    2
 -0.004200526412819202   12    3    3    1
 4.81131438956515e-15   12    3    3    3
 0.007579943453475638   12    3    4    3
 1.27530182182423e-15   12    3    5    1
 0.008416173936456871   12    3    5    3
 -0.009334086848761169   12    3    6    1
 -0.003124632220178765   12    3    6    4
 0.0005437954000013339   12    3    6    5
 1.547207385412388e-15   12    3    6    6
 -0.0007209232469371268   12    3    7    3
 1.560303147909834e-15   12    3    7    5
 -0.008895508992207654   12    3    7    6
 3.189142289307528e-15   12    3    7    7
 -0.00167926895076851   12    3    8    1
 -1.074613173648005e-15   12    3    8    3
 -0.003119532765331352   12    3    8    4
 -0.005385457865785136   12    3    8    5
 -0.009434512979673492   12    3    8    7
 1.367109735718315e-15   12    3    8    8
 1.443122463883191e-15   12    3    9    9
 5.916611006954473e-15   12    3   10    1
 -0.002161451720088937   12    3   10    3
 1.100728393321673e-15   12    3   10    4
 -0.004116094448291549   12    3   10    6
 -1.159522781133038e-15   12    3   10    7
 0.002823446410275956   12    3   10    8
 0.02761417089389152   12    3   11    1
 1.694835618042534e-15   12    3   11    3
 0.003595403262610574   12    3   11    4
 5.480875396326003e-05   12    3   11    5
 -0.004006043073554627   12    3   11    7
 -0.001731668181049933   12    3   11   10
 1.453664024937217e-15   12    3   11   11
 2.057495516947504e-15   12    3   12    1
 0.02445321477583351   12    3   12    3
 -0.000406069614908752   12    4    1    1
 6.376518692850478e-05   12    4    2    2
 0.01089987449401989   12    4    3    3
 -0.00314652937225001   12    4    4    1
 -1.120252431896742e-15   12    4    4    3
 0.01074626869073544   12    4    4    4
 0.00922523110155435   12    4    5    1
 0.009325119277713206   12    4    5    4
 0.0003109892673214513   12    4    5    5
 1.477967438890064e-15   12    4    6    1
 -0.006279178657115446   12    4    6    3
 1.524878202121381e-15   12    4    6    4
 0.004707698053570787   12    4    6    6
 0.000563467017115543   12    4    7    1
 -0.0007811971904173145   12    4    7    4
 0.007313804376249574   12    4    7    5
 1.145170942543831e-15   12    4    7    6
 0.01433373216634187   12    4    7    7
 -0.00391295721936738   12    4    8    3
 1.017864602285436e-15   12    4    8    4
 1.070273127686178e-15   12    4    8    5
 0.005212776313216127   12    4    8    6
 1.395982805719846e-15   12    4    8    7
 0.01334338906655078   12    4    8    8
 0.0118359877011084   12    4    9    2
 0.002915517055318426   12    4    9    9
 0.02412997628189703   12    4   10    1
 2.267965606994662e-15   12    4   10    3
 0.008594469739258304   12    4   10    4
 -0.0059515783195871   12    4   10    5
 -0.005296660158953539   12    4   10    7
 -0.001567925901162727   12    4   10   10
 -5.668647993602312e-15   12    4   11    1
 0.01087809388096042   12    4   11    3
 -2.668101069005681e-15   12    4   11    4
 0.004595102651212614   12    4   11    6
 0.003532826298054293   12    4   11    8
 -0.0001779018881789603   12    4   11   11
 0.02086738378878587   12    4   12    1
 0.02979156826548631   12    4   12    4
 0.09571524781223362   12    5    1    1
 0.09101071054153803   12    5    2    2
 0.04632756301001015   12    5    3    3
 0.006894432261028305   12    5    4    1
 0.05200557595873299   12    5    4    4
 -0.02376052658373727   12    5    5    1
 -7.659339715846532e-15   12    5    5    3
 -0.04699577655989141   12    5    5    4
 0.03784598634261407   12    5    5    5
 0.0468621461496576   12    5    6    3
 -7.765325984069929e-15   12    5    6    4
 0.03725703956414686   12    5    6    6
 0.004557234597367217   12    5    7    1
 -0.0001840636150674841   12    5    7    4
 0.001682540143185104   12    5    7    5
 0.0007566327298217635   12    5    7    7
 0.0001116168204667819   12    5    8    3
 0.005639834689652654   12    5    8    6
 -0.003344586115172104   12    5    8    8
 -0.04109513210430722   12    5    9    2
 0.07095316483874982   12    5    9    9
 -0.01478227810678961   12    5   10    1
 -5.909388764258175e-15   12    5   10    3
 -0.02758406021682348   12    5   10    4
 0.0263479861052503   12    5   10    5
 -1.894615594945096e-15   12    5   10    6
 0.01094836940146052   12    5   10    7
 0.07356001179272902   12    5   10   10
 -0.0240806499571682   12    5   11    3
 5.462252456306694e-15   12    5   11    4
 -1.260192806987845e-15   12    5   11    5
 -0.03344040328722545   12    5   11    6
 -0.003787939308271509   12    5   11    8
 0.0787152713716526   12    5   11   11
 -0.04043271566985603   12    5   12    1
 -2.772276129214625e-15   12    5   12    3
 -0.01893233816166491   12    5   12    4
 0.03587670350128676   12    5   12    5
 2.500831134246963e-15   12    6    1    1
 2.36448010735378e-15   12    6    2    2
 -0.01242192925949917   12    6    3    1
 3.811607068545872e-15   12    6    3    3
 1.887956913935405e-15   12    6    4    1
 0.008408709975285977   12    6    4    3
 -1.355133349676803e-15   12    6    4    4
 0.01707232529415405   12    6    5    3
 -3.757802118341082e-15   12    6    5    4
 1.009869745101759e-15   12    6    5    5
 -0.0160787665321497   12    6    6    1
 -0.01065504584926001   12    6    6    4
 -0.009595211089996461   12    6    6    5
 -0.003241346199408242   12    6    7    3
 -0.003768105123562376   12    6    7    6
 1.542572172067445e-15   12    6    7    7
 -0.001720014880109989   12    6    8    1
 0.0004138764997243574   12    6    8    4
 0.001433067716568969   12    6    8    5
 -0.01949544221639831   12    6    8    7
 -1.92799361472104e-15   12    6    8    8
 -1.324363398619428e-15   12    6    9    2
 1.74196869845421e-15   12    6    9    9
 1.917262280628386e-15   12    6   10    1
 -0.004461413191516186   12    6   10    3
 -0.002546457688985292   12    6   10    6
 0.003200507425907338   12    6   10    8
 1.496733319285533e-15   12    6   10   10
 0.02628945198320685   12    6   11    1
 -0.002235571518093197   12    6   11    4
 -0.005387682555572661   12    6   11    5
 -0.001033040764708241   12    6   11    7
 -0.00205002550680136   12    6   11   10
 2.106573043459761e-15   12    6   11   11
 -1.537913494028464e-15   12    6   12    1
 0.01548699997893764   12    6   12    3
 -2.604125327785302e-15   12    6   12    4
 0.0204671245837527   12    6   12    6
 -0.06407001501779758   12    7    1    1
 -0.06350669102612348   12    7    2    2
 2.332128281645096e-15   12    7    3    1
 -0.03039367850268388   12    7    3    3
 0.009617227850939861   12    7    4    1
 -0.03658267119337304   12    7    4    4
 0.002998366677670926   12    7    5    1
 6.275628659421794e-15   12    7    5    3
 0.03219184003088892   12    7    5    4
 -0.01686785877469717   12    7    5    5
 -0.03490359163855275   12    7    6    3
 4.807251604822822e-15   12    7    6    4
 -1.218555881092867e-15   12    7    6    5
 -0.02185791138845697   12    7    6    6
 -0.002142659984183864   12    7    7    1
 1.632606009355861e-15   12    7    7    3
 0.006390645433742956   12    7    7    4
 0.003434946053839496   12    7    7    5
 0.009613027196722173   12    7    7    7
 -0.004653220935937346   12    7    8    3
 0.00170329283331539   12    7    8    6
 -2.121686606639945e-15   12    7    8    7
 0.01390393163094318   12    7    8    8
 0.01640053318697097   12    7    9    2
 -0.05234903426381442   12    7    9    9
 -0.004955946184832527   12    7   10    1
 2.076448941324084e-15   12    7   10    3
 0.01085432155038806   12    7   10    4
 -0.01095118378749945   12    7   10    5
 1.198657029098207e-15   12    7   10    6
 -0.0107673772350866   12    7   10    7
 -0.05379322895954756   12    7   10   10
 0.007711955430689994   12    7   11    3
 -2.022073200519084e-15   12    7   11    4
 0.0173216045916347   12    7   11    6
 0.002465619921225046   12    7   11    8
 -0.05264924865409495   12    7   11   11
 0.01157093613752549   12    7   12    1
 -0.002110259279948701   12    7   12    4
 -0.01104936114710858   12    7   12    5
 0.01150956845557988   12    7   12    7
 -2.301461529427893e-15   12    8    1    1
 -2.294188813276501e-15   12    8    2    2
 -0.008003005547744649   12    8    3    1
 -4.882120833314929e-15   12    8    3    3
 1.131396760315942e-15   12    8    4    1
 -0.01164515445854441   12    8    4    3
 2.222516185810651e-15   12    8    4    4
 -0.01590785620825711   12    8    5    3
 3.404739440849347e-15   12    8    5    4
 -1.194525832197805e-15   12    8    5    5
 -0.00359118968536434   12    8    6    1
 1.096639378115043e-15   12    8    6    3
 0.01431654772718925   12    8    6    4
 0.01901490156055905   12    8    6    5
 -0.00600892045273239   12    8    7    3
 0.006656895622514277   12    8    7    6
 -2.898997735943567e-15   12    8    7    7
 0.000796720970475997   12    8    8    1
 0.004678455445065458   12    8    8    4
 0.005288117136774837   12    8    8    5
 0.0335213039938068   12    8    8    7
 3.049905841203789e-15   12    8    8    8
 -1.86311844056342e-15   12    8    9    9
 0.002392355790998489   12    8   10    3
 -0.001461217441255029   12    8   10    6
 -0.005150343235824253   12    8   10    8
 -1.559426409379096e-15   12    8   10   10
 0.001435070423986536   12    8   11    1
 0.001952127154325964   12    8   11    4
 0.001655290363226726   12    8   11    5
 0.003938356158462378   12    8   11    7
 0.001665649370120844   12    8   11   10
 -2.208733243792892e-15   12    8   11   11
 0.00149344830340153   12    8   12    3
 -0.003206622612581876   12    8   12    6
 0.006601643204666323   12    8   12    8
 0.1000785551286961   12    9    2    1
 -1.634357167145792e-15   12    9    3    1
 -0.001358110492876816   12    9    4    2
 -0.01371600975467177   12    9    5    2
 0.001210363675193686   12    9    7    2
 -0.01735759026527095   12    9    9    1
 1.206396801447121e-15   12    9    9    3
 0.007540979931948952   12    9    9    4
 0.01203837463826279   12    9    9    5
 -0.01941023682101691   12    9    9    7
 -0.0008575092180783307   12    9   10    2
 -0.01493095071739317   12    9   10    9
 1.742119191608563e-15   12    9   11    9
 -0.003357897167162839   12    9   12    2
 0.08347455570190924   12    9   12    9
 0.01875782711070957   12   10    1    1
 0.01297086259031855   12   10    2    2
 1.603432334025236e-14   12   10    3    1
 0.01945336459438904   12   10    3    3
 0.06794839313725944   12   10    4    1
 0.01792913702437819   12   10    4    4
 -0.05262353524383222   12   10    5    1
 -0.001493965923863431   12   10    5    4
 0.03274632288723751   12   10    5    5
 3.960282177833487e-15   12   10    6    1
 -0.00780306125923964   12   10    6    3
 -1.599325499635575e-15   12   10    6    5
 0.01499030737665664   12   10    6    6
 -0.001224061942388604   12   10    7    1
 0.0006962052938091981   12   10    7    4
 0.005136438119715444   12   10    7    5
 0.01887542941560514   12   10    7    7
 -0.0003258830650423253   12   10    8    3
 0.005834590884361085   12   10    8    6
 -2.368669703551163e-15   12   10    8    7
 0.02125467753679595   12   10    8    8
 -0.01205553602653393   12   10    9    2
 0.01014385199689895   12   10    9    9
 -0.01826274886739545   12   10   10    1
 -1.405112380438488e-15   12   10   10    3
 -0.004334460101740636   12   10   10    4
 0.01927108742098668   12   10   10    5
 -0.01919760737495542   12   10   10    7
 -0.01194044377345085   12   10   10   10
 -0.009439005530275879   12   10   11    3
 2.221312536054094e-15   12   10   11    4
 -0.01157201496133269   12   10   11    6
 0.00238587378226847   12   10   11    8
 0.007891696186880376   12   10   11   11
 -0.01623463330138401   12   10   12    1
 -0.0001450094472428321   12   10   12    4
 0.01262574229013109   12   10   12    5
 0.002868156812582829   12   10   12    7
 0.06335163741360436   12   10   12   10
 -1.490051575944057e-15   12   11    1    1
 1.356479583893123e-15   12   11    2    1
 0.07498891944625111   12   11    3    1
 4.686363426959046e-15   12   11    3    3
 -1.57286959628959e-14   12   11    4    1
 0.02053122244384238   12   11    4    3
 -7.71069408803858e-15   12   11    4    4
 2.844724371373629e-15   12   11    5    1
 0.01652445419940066   12   11    5    3
 -2.30602965874904e-15   12   11    5    4
 -1.688328563417582e-15   12   11    5    5
 0.06156705278579407   12   11    6    1
 -3.29945687310782e-15   12   11    6    3
 -0.02256871900693072   12   11    6    4
 -0.02953963181551638   12   11    6    5
 -1.714103546515076e-15   12   11    6    6
 0.004083400218802432   12   11    7    3
 -0.007658529233133   12   11    7    6
 1.918045806055098e-15   12   11    7    7
 0.002282914946579084   12   11    8    1
 -0.002516834065285611   12   11    8    4
 -0.008355768515877935   12   11    8    5
 -0.03852021514507741   12   11    8    7
 -4.846492624264486e-15   12   11    8    8
 1.123544616671704e-15   12   11    9    2
 -0.002210812300907309   12   11   10    3
 1.260792009622696e-15   12   11   10    4
 -0.001929688401890727   12   11   10    6
 -1.10775809342485e-15   12   11   10    7
 0.008646686782363609   12   11   10    8
 -1.816986704907945e-15   12   11   10   10
 -0.02653051484359355   12   11   11    1
 1.903470941664607e-15   12   11   11    3
 0.00542131954813413   12   11   11    4
 0.01581058126929559   12   11   11    5
 1.2155074261141e-15   12   11   11    6
 -0.02263295778131648   12   11   11    7
 -1.473073755592898e-15   12   11   11    8
 -0.01732525880093607   12   11   11   10
 2.858695767295406e-15   12   11   11   11
 1.622414887814766e-15   12   11   12    1
 -0.001166156758261946   12   11   12    3
 -1.021062959783037e-15   12   11   12    5
 -0.009189831423027445   12   11   12    6
 -0.008373921653884548   12   11   12    8
 1.549966177762106e-15   12   11   12   10
 0.07590767743268859   12   11   12   11
 0.605124004258114   12   12    1    1
 0.5953123236166065   12   12    2    2
 1.137824497107683e-15   12   12    3    1
 -3.190200433822999e-15   12   12    3    2
 0.4445115060742644   12   12    3    3
 0.01912282309816466   12   12    4    1
 3.778580656844003e-15   12   12    4    3
 0.4691403435152453   12   12    4    4
 -0.06867270351639063   12   12    5    1
 -2.409488135961884e-14   12   12    5    3
 -0.1458132692044818   12   12    5    4
 0.3984175302662043   12   12    5    5
 -1.848147546618161e-15   12   12    6    1
 1.472562278133339e-15   12   12    6    2
 0.1500641329322632   12   12    6    3
 -2.435956673305214e-14   12   12    6    4
 0.4077526619440655   12   12    6    6
 0.0199856127945972   12   12    7    1
 -1.245783953780918e-15   12   12    7    3
 -0.006750189655773731   12   12    7    4
 0.02458139103307564   12   12    7    5
 -1.170119694950722e-15   12   12    7    6
 0.2780580935224951   12   12    7    7
 -0.005603569903350109   12   12    8    3
 1.365122029200143e-15   12   12    8    4
 0.02993616299180839   12   12    8    6
 1.773344514398603e-15   12   12    8    7
 0.2625589371694275   12   12    8    8
 -0.1242543858425094   12   12    9    2
 1.742645374504445e-15   12   12    9    3
 0.5154593247147602   12   12    9    9
 0.01320360420685134   12   12   10    1
 -1.931921853101354e-14   12   12   10    3
 -0.08917212816919111   12   12   10    4
 0.08555369133987981   12   12   10    5
 -6.701079833249909e-15   12   12   10    6
 0.02368004184748806   12   12   10    7
 -1.130149685583472e-15   12   12   10    8
 0.5009802273486132   12   12   10   10
 -1.463102585160784e-15   12   12   11    1
 -1.697549605073964e-15   12   12   11    2
 -0.07565267247799093   12   12   11    3
 1.762870748687855e-14   12   12   11    4
 -4.620144305714258e-15   12   12   11    5
 -0.1109314889242031   12   12   11    6
 -0.006044556407656642   12   12   11    8
 2.751165360468265e-15   12   12   11   10
 0.5251388436071076   12   12   11   11
 -0.09696219368482344   12   12   12    1
 1.686549003128095e-15   12   12   12    3
 0.005190450769153768   12   12   12    4
 0.07193800169228691   12   12   12    5
 1.977717286336288e-15   12   12   12    6
 -0.04554034737886851   12   12   12    7
 -1.63381677604664e-15   12   12   12    8
 0.05144494819138301   12   12   12   10
 -5.11219183317654e-15   12   12   12   11
 0.5291037209103363   12   12   12   12
 -5.323962553619797    1    1  0  0
 -4.686981693219385    2    2  0  0
 2.613065556466557e-14    3    1  0  0
 2.439334779175789e-14    3    2  0  0
 -3.587037461732059    3    3  0  0
 0.1614528570755578    4    1  0  0
 -3.287524695524195e-14    4    3  0  0
 -3.779162658986066    4    4  0  0
 0.3022353591077591    5    1  0  0
 1.81677717635655e-13    5    3  0  0
 1.107268871369557    5    4  0  0
 -3.071091187281727    5    5  0  0
 1.451894863930243e-15    6    1  0  0
 -1.160868343460701e-14    6    2  0  0
 -1.181747027261518    6    3  0  0
 1.946851217500817e-13    6    4  0  0
 -1.15955651246027e-15    6    5  0  0
 -3.19475897028607    6    6  0  0
 -0.1693390501582038    7    1  0  0
 7.592339143321676e-15    7    3  0  0
 0.04926936246718605    7    4  0  0
 -0.2180335311879801    7    5  0  0
 1.12721048682702e-14    7    6  0  0
 -1.318953394147794    7    7  0  0
 -4.356801295870036e-15    8    1  0  0
 3.500952560618245e-15    8    2  0  0
 0.05756109713626945    8    3  0  0
 -1.290446896316879e-14    8    4  0  0
 -4.278118061625324e-15    8    5  0  0
 -0.2509005106142403    8    6  0  0
 -5.485586671587926e-15    8    7  0  0
 -1.125904436534538    8    8  0  0
 0.9769115415132553    9    2  0  0
 -1.4083504751348e-14    9    3  0  0
 2.903737569066222e-15    9    4  0  0
 -1.407835770559451e-15    9    5  0  0
 -3.390335307524152e-15    9    6  0  0
 -1.072713348632252e-15    9    7  0  0
 -4.872433724691113e-15    9    8  0  0
 -2.935924614901746    9    9  0  0
 -0.2145566526956715   10    1  0  0
 -2.972918529637264e-15   10    2  0  0
 1.680634871398761e-13   10    3  0  0
 0.7739054925497267   10    4  0  0
 -0.6560135415151853   10    5  0  0
 5.567286198104603e-14   10    6  0  0
 -0.2641102965551839   10    7  0  0
 4.325016826683757e-15   10    8  0  0
 -2.953694075194158   10   10  0  0
 2.329716778622541e-14   11    1  0  0
 1.371986348443101e-14   11    2  0  0
 0.6409095356014832   11    3  0  0
 -1.50594664108237e-13   11    4  0  0
 3.210306482193881e-14   11    5  0  0
 0.8950214409002076   11    6  0  0
 1.568526625492863e-14   11    7  0  0
 0.05358292987234467   11    8  0  0
 -2.57649110211867e-15   11    9  0  0
 -7.955504140432452e-15   11   10  0  0
 -3.011793503945259   11   11  0  0
 0.719625365618608   12    1  0  0
 1.449314374431858e-15   12    2  0  0
 -9.601209691216521e-15   12    3  0  0
 -0.01598840484005646   12    4  0  0
 -0.5152186109175891   12    5  0  0
 -1.313395063536944e-14   12    6  0  0
 0.36247931681212   12    7  0  0
 1.401494764358924e-14   12    8  0  0
 -1.089467839138071e-15   12    9  0  0
 -0.1491235120811737   12   10  0  0
 1.247562897354158e-14   12   11  0  0
 -2.67262441033364   12   12  0  0
 -55.64876451633893  0  0  0  0
