 &FCI NORB=  12,NELEC= 8,MS2=0,
  ORBSYM=1,1,1,1,1,1,1,1,1,1,1,1,
  ISYM=1,
 &END
 0.7528597016629741    1    1    1    1
 0.1036280987189099    2    1    2    1
 0.570744950400174    2    2    1    1
 0.5106805106238524    2    2    2    2
 1.528831133456671e-15    3    1    2    1
 0.1477031506099214    3    1    3    1
 5.867834505335394e-15    3    2    1    1
 2.815753678717233e-15    3    2    2    2
 0.02345434587880638    3    2    3    2
 0.7381751451684688    3    3    1    1
 0.5400373116357879    3    3    2    2
 6.839580912604136e-15    3    3    3    2
 0.7834096931807971    3    3    3    3
 -0.04032226204468509    4    1    1    1
 -0.006333089493465581    4    1    2    2
 -1.710726018519193e-15    4    1    3    2
 -0.05771763391977883    4    1    3    3
 0.1156046146902701    4    1    4    1
 -1.298181226839711e-15    4    2    1    1
 0.0183230581469    4    2    2    1
 -1.684637980384472e-15    4    2    2    2
 -1.377252427600425e-15    4    2    3    1
 -1.369462119440286e-15    4    2    3    3
 1.260615242253574e-15    4    2    4    1
 0.04889543159032327    4    2    4    2
 -1.384845103594627e-15    4    3    2    1
 -0.0235010011632069    4    3    3    1
 0.03142552901909485    4    3    4    3
 0.6147408652724513    4    4    1    1
 1.641764313104624e-15    4    4    2    1
 0.4924184808778252    4    4    2    2
 3.477489656572544e-15    4    4    3    2
 0.5891071198325301    4    4    3    3
 -0.05330497960319968    4    4    4    1
 0.56657119916459    4    4    4    4
 -0.09634258300988879    5    1    1    1
 -0.04975652445648623    5    1    2    2
 -1.330012359178463e-15    5    1    3    2
 -0.08911129484482752    5    1    3    3
 -0.0488086905882369    5    1    4    1
 -0.0419608337727912    5    1    4    4
 0.06022988080322057    5    1    5    1
 3.462799089564134e-15    5    2    1    1
 0.0211172710402787    5    2    2    1
 -1.570628688633833e-15    5    2    3    1
 3.320143338440658e-15    5    2    3    3
 0.02794776306059303    5    2    4    2
 -1.317059772733629e-15    5    2    4    3
 3.514555242930145e-15    5    2    4    4
 0.05410307990352936    5    2    5    2
 -1.590408110851668e-15    5    3    2    1
 -0.026663196455386    5    3    3    1
 -1.324595104324425e-15    5    3    4    2
 -0.01186701376318454    5    3    4    3
 -1.223966316160241e-15    5    3    5    2
 0.01718421879102011    5    3    5    3
 -0.1676476310055158    5    4    1    1
 -0.07118753189667905    5    4    2    2
 -3.006731316199183e-15    5    4    3    2
 -0.1604765342405061    5    4    3    3
 0.03594117813874302    5    4    4    1
 1.556387621385843e-15    5    4    4    2
 -0.1226377828165018    5    4    4    4
 0.03590639502624054    5    4    5    1
 -1.026063552203052e-15    5    4    5    2
 0.09550398508147576    5    4    5    4
 0.4493203890527059    5    5    1    1
 0.4069196807686287    5    5    2    2
 0.4267673274465915    5    5    3    3
 0.02504271049871148    5    5    4    1
 0.4148978003534111    5    5    4    4
 -0.04514817142176913    5    5    5    1
 -0.03970403884726592    5    5    5    4
 0.380856351865397    5    5    5    5
 -0.06438495186438779    6    1    2    1
 2.114143261154214e-15    6    1    3    1
 -1.114585046459303e-15    6    1    4    1
 0.01167418531755433    6    1    4    2
 0.008288849274586903    6    1    5    2
 0.05448849100218878    6    1    6    1
 -0.1981213282721615    6    2    1    1
 -1.480502623453127e-15    6    2    2    1
 -0.1079821604335211    6    2    2    2
 -3.433748209387077e-15    6    2    3    2
 -0.191491421837667    6    2    3    3
 0.04894124806358678    6    2    4    1
 -0.122360710438279    6    2    4    4
 0.03595975926473226    6    2    5    1
 -2.634574753499709e-15    6    2    5    2
 0.0931959430825957    6    2    5    4
 -0.0360803135809131    6    2    5    5
 0.1261245430341719    6    2    6    2
 6.419002417434865e-15    6    3    1    1
 2.251989395390192e-15    6    3    2    2
 -0.01813387001620907    6    3    3    2
 7.393476263793748e-15    6    3    3    3
 -1.608213795888877e-15    6    3    4    1
 3.933500774716815e-15    6    3    4    4
 -1.177267269096225e-15    6    3    5    1
 -3.063018741344808e-15    6    3    5    4
 1.09224601362869e-15    6    3    5    5
 -3.623585534518035e-15    6    3    6    2
 0.01560804512807657    6    3    6    3
 -3.439792563189012e-15    6    4    1    1
 0.04006180018359528    6    4    2    1
 -2.392143695425945e-15    6    4    2    2
 -1.310601687658504e-15    6    4    3    1
 -3.31767577941927e-15    6    4    3    3
 1.583544186560181e-15    6    4    4    1
 0.01613935372359535    6    4    4    2
 -1.538075760378944e-15    6    4    4    4
 0.04392034435196426    6    4    5    2
 -1.458587224576213e-15    6    4    5    3
 2.3302884846946e-15    6    4    5    4
 -0.01277332512614147    6    4    6    1
 1.410176989835509e-15    6    4    6    2
 0.04579553678968204    6    4    6    4
 0.04331017548713816    6    5    2    1
 -2.209577250689367e-15    6    5    2    2
 -1.41756140553141e-15    6    5    3    1
 0.05111949018390784    6    5    4    2
 -1.68469888645026e-15    6    5    4    3
 1.40960249734146e-15    6    5    4    4
 0.05098343810051448    6    5    5    2
 -1.703845688204507e-15    6    5    5    3
 -0.002533445839418276    6    5    6    1
 0.04366120074132882    6    5    6    4
 0.08211370976637608    6    5    6    5
 0.4691432860386471    6    6    1    1
 0.4327223489596517    6    6    2    2
 0.4475408750386696    6    6    3    3
 -0.007823839993949814    6    6    4    1
 0.4227819641764342    6    6    4    4
 -0.03048733716289726    6    6    5    1
 -0.03805175168243271    6    6    5    4
 0.3730928801596836    6    6    5    5
 -0.06245328122489768    6    6    6    2
 1.95562179419752e-15    6    6    6    3
 -1.031974652600937e-15    6    6    6    4
 0.3950889081027028    6    6    6    6
 -0.01971489454308024    7    1    1    1
 0.001857261836678615    7    1    2    2
 -0.02070574627220121    7    1    3    3
 -0.01314086412453662    7    1    4    1
 0.001766257757768175    7    1    4    4
 0.02155771440436391    7    1    5    1
 0.0169171351063653    7    1    5    4
 -0.002606970516511242    7    1    5    5
 0.01676875511287909    7    1    6    2
 0.003476278048315298    7    1    6    6
 0.01341977451872067    7    1    7    1
 0.02298755006917699    7    2    2    1
 -1.135673484719509e-15    7    2    3    1
 0.03104891654768514    7    2    4    2
 -1.177313248640074e-15    7    2    4    3
 1.663382318943521e-15    7    2    4    4
 0.03425108427905229    7    2    5    2
 0.004373029698766451    7    2    6    1
 0.02859363187612925    7    2    6    4
 0.03513689291673117    7    2    6    5
 0.04692490886953127    7    2    7    2
 -1.102687014005144e-15    7    3    2    1
 -0.01155854380366294    7    3    3    1
 -1.144893668047302e-15    7    3    4    2
 -0.005087334000522073    7    3    4    3
 0.00632596930150918    7    3    5    3
 -1.08397072579747e-15    7    3    6    5
 -1.376276136755801e-15    7    3    7    2
 0.003664318261414992    7    3    7    3
 -0.04363040314369807    7    4    1    1
 0.006779176309965235    7    4    2    2
 -1.774389597994785e-15    7    4    3    2
 -0.04711224004976092    7    4    3    3
 0.02262221146491433    7    4    4    1
 1.520860644321753e-15    7    4    4    2
 -0.02213059413472539    7    4    4    4
 0.01556778781561208    7    4    5    1
 0.04250939796760408    7    4    5    4
 0.006411277731025447    7    4    5    5
 0.04260776485084356    7    4    6    2
 -1.38904380841529e-15    7    4    6    3
 1.636492041451021e-15    7    4    6    4
 1.070937739351819e-15    7    4    6    5
 0.005970491074576508    7    4    6    6
 0.01500884665201321    7    4    7    1
 1.364738609776103e-15    7    4    7    2
 0.04068724702639819    7    4    7    4
 0.1057530617110533    7    5    1    1
 0.09219943510889493    7    5    2    2
 0.09463094746621813    7    5    3    3
 0.01283961534063831    7    5    4    1
 0.09210686809366528    7    5    4    4
 -0.01945419801821837    7    5    5    1
 -0.01619113303426533    7    5    5    4
 0.07180591016756135    7    5    5    5
 -0.01402642836385354    7    5    6    2
 0.06809789958264545    7    5    6    6
 0.005347551469169812    7    5    7    1
 0.01904500578922936    7    5    7    4
 0.05478415834013581    7    5    7    5
 1.547916268697161e-15    7    6    1    1
 0.01971539137004626    7    6    2    1
 1.41788316584209e-15    7    6    3    3
 0.02354465932481473    7    6    4    2
 2.135086382805054e-15    7    6    4    4
 0.01778850637066382    7    6    5    2
 -0.0008836106486168032    7    6    6    1
 0.01486599822474692    7    6    6    4
 0.02177033389198622    7    6    6    5
 0.03527196369548613    7    6    7    2
 -1.133687208288534e-15    7    6    7    3
 1.370329322048242e-15    7    6    7    4
 1.161226039902407e-15    7    6    7    5
 0.03467412613516621    7    6    7    6
 0.3626113205695801    7    7    1    1
 1.428255521418215e-15    7    7    2    1
 0.3906629097614661    7    7    2    2
 -1.478802587437047e-15    7    7    3    2
 0.3396877499422925    7    7    3    3
 0.04086424266724971    7    7    4    1
 2.806460531051444e-15    7    7    4    2
 0.368551873086566    7    7    4    4
 -0.01291929279917295    7    7    5    1
 2.437649070990599e-15    7    7    5    2
 0.02232102257248254    7    7    5    4
 0.3670072027653932    7    7    5    5
 0.02518341592859475    7    7    6    2
 2.870684162699575e-15    7    7    6    4
 3.223655493776403e-15    7    7    6    5
 0.3626507649912755    7    7    6    6
 0.02258039965642095    7    7    7    1
 3.076935774279671e-15    7    7    7    2
 0.05808553717700091    7    7    7    4
 0.09250430623207592    7    7    7    5
 3.03915647644074e-15    7    7    7    6
 0.4422186980202132    7    7    7    7
 -0.01372424477768223    8    1    2    1
 0.01380231169094366    8    1    4    2
 0.01307195438058611    8    1    5    2
 0.01939754103343255    8    1    6    1
 0.003423545237730748    8    1    6    4
 0.008267225610724007    8    1    6    5
 0.01508160222412642    8    1    7    2
 0.009798423394591489    8    1    7    6
 0.01205927510631147    8    1    8    1
 -0.03785678574218403    8    2    1    1
 -1.210432475210825e-15    8    2    2    1
 0.009376047714369567    8    2    2    2
 -1.95274098073109e-15    8    2    3    2
 -0.04374882784943471    8    2    3    3
 0.02833087619825023    8    2    4    1
 -0.005997299800991187    8    2    4    4
 0.01432190633853427    8    2    5    1
 -1.635299251187731e-15    8    2    5    2
 0.04036660474582174    8    2    5    4
 0.01855588853552337    8    2    5    5
 0.05260339431742807    8    2    6    2
 -1.545892886719912e-15    8    2    6    3
 0.00765205817446577    8    2    6    6
 0.01707525654484588    8    2    7    1
 -1.120874032809847e-15    8    2    7    2
 0.04293614131156573    8    2    7    4
 0.02799695711975417    8    2    7    5
 0.07592569230449041    8    2    7    7
 0.05302836718280385    8    2    8    2
 2.594858404312829e-15    8    3    1    1
 -0.007067830572073604    8    3    3    2
 3.32258016741904e-15    8    3    3    3
 -1.039699286903865e-15    8    3    4    1
 1.2490485550209e-15    8    3    4    4
 -1.631371289945966e-15    8    3    5    4
 -1.896183060523946e-15    8    3    6    2
 0.006059475347011706    8    3    6    3
 -1.515702218563684e-15    8    3    7    4
 -1.876420399122012e-15    8    3    7    7
 -1.755078344992242e-15    8    3    8    2
 0.002901766236200204    8    3    8    3
 1.071429270745048e-15    8    4    1    1
 0.02625712110598308    8    4    2    1
 0.02093827733960315    8    4    4    2
 1.907750573824207e-15    8    4    4    4
 0.02627255749622265    8    4    5    2
 -0.003993957954503544    8    4    6    1
 0.02493920584092948    8    4    6    4
 0.02603061022677077    8    4    6    5
 0.03675769085332288    8    4    7    2
 -1.185710003690092e-15    8    4    7    3
 1.230714325387458e-15    8    4    7    4
 0.02846210797684134    8    4    7    6
 3.156876651993743e-15    8    4    7    7
 0.009090297045524129    8    4    8    1
 0.0304137524894482    8    4    8    4
 -1.495727591258808e-15    8    5    1    1
 0.01979604477670377    8    5    2    1
 -2.086780507322233e-15    8    5    2    2
 -1.298541441670818e-15    8    5    3    3
 0.02101285080652064    8    5    4    2
 0.01354568469866818    8    5    5    2
 -1.186221670255619e-15    8    5    5    5
 -0.002719113471012269    8    5    6    1
 0.01191545283005901    8    5    6    4
 0.01654937898280857    8    5    6    5
 -1.054647389430578e-15    8    5    6    6
 0.03490281319781548    8    5    7    2
 -1.104747083408873e-15    8    5    7    3
 0.03501356746322405    8    5    7    6
 0.008994081609937523    8    5    8    1
 -1.369259779529156e-15    8    5    8    2
 0.02839183000238495    8    5    8    4
 0.03622555314109543    8    5    8    5
 0.1166536255371558    8    6    1    1
 0.1017885263116409    8    6    2    2
 0.107007068065357    8    6    3    3
 -0.001602270746900598    8    6    4    1
 0.09637900212626313    8    6    4    4
 -0.01441681834569136    8    6    5    1
 -0.0196819746112669    8    6    5    4
 0.0651762000047279    8    6    5    5
 -0.02957422354829707    8    6    6    2
 1.011494341313149e-15    8    6    6    3
 0.0729389326046166    8    6    6    6
 0.006507432313190449    8    6    7    1
 0.0172037121994921    8    6    7    4
 0.05154492971770044    8    6    7    5
 0.08497025574253905    8    6    7    7
 0.02109030412741498    8    6    8    2
 -1.318035302217806e-15    8    6    8    5
 0.05515666926107792    8    6    8    6
 0.06779259824381581    8    7    2    1
 -2.690251599497436e-15    8    7    2    2
 -2.222225128117011e-15    8    7    3    1
 1.490398602016778e-15    8    7    4    1
 0.08056313267656591    8    7    4    2
 -2.658281518831555e-15    8    7    4    3
 2.68002168302803e-15    8    7    4    4
 0.09115938744491718    8    7    5    2
 -2.99606148851198e-15    8    7    5    3
 1.7931456773936e-15    8    7    5    4
 0.00189402566517296    8    7    6    1
 0.07668619819222906    8    7    6    4
 0.1161796520883042    8    7    6    5
 0.08693713198049646    8    7    7    2
 -2.722792323926324e-15    8    7    7    3
 2.920188827458462e-15    8    7    7    4
 0.05960077482055632    8    7    7    6
 7.540710258250881e-15    8    7    7    7
 0.02608389659834542    8    7    8    1
 -1.848312300250897e-15    8    7    8    2
 0.06745845569114217    8    7    8    4
 0.05366335832989483    8    7    8    5
 0.2230493651198922    8    7    8    7
 0.3529128064080717    8    8    1    1
 -2.180881579605243e-15    8    8    2    1
 0.3857226364312129    8    8    2    2
 -1.644231287351983e-15    8    8    3    2
 0.331092676958922    8    8    3    3
 0.03585917175184238    8    8    4    1
 -1.793749954908748e-15    8    8    4    2
 0.3572454388000711    8    8    4    4
 -0.009274809392236788    8    8    5    1
 -2.879419609931324e-15    8    8    5    2
 0.02675580456343678    8    8    5    4
 0.3595138051286668    8    8    5    5
 0.02446255239512743    8    8    6    2
 -1.501385512253198e-15    8    8    6    4
 -3.403138427185186e-15    8    8    6    5
 0.3612127790094631    8    8    6    6
 0.02352994292165125    8    8    7    1
 -1.984359858675342e-15    8    8    7    2
 0.057846836045764    8    8    7    4
 0.08762294806485907    8    8    7    5
 0.4350677275024321    8    8    7    7
 -1.133796765213893e-15    8    8    8    1
 0.07214068007592583    8    8    8    2
 -1.744148116296245e-15    8    8    8    3
 -2.789271595219356e-15    8    8    8    5
 0.08159272542710633    8    8    8    6
 -5.3326997438753e-15    8    8    8    7
 0.4311085984195899    8    8    8    8
 -1.412633545118341e-15    9    1    2    1
 -0.04256834813792304    9    1    3    1
 0.01031045360614496    9    1    4    3
 0.01289355676873591    9    1    5    3
 0.002587984553560246    9    1    7    3
 0.04052203838340953    9    1    9    1
 -6.298017921230767e-15    9    2    1    1
 -3.498117693429421e-15    9    2    2    2
 -0.00285342873793967    9    2    3    2
 -6.628636137825586e-15    9    2    3    3
 1.036191080680542e-15    9    2    4    1
 -4.140199809549957e-15    9    2    4    4
 1.439340383599983e-15    9    2    5    1
 2.318093949250557e-15    9    2    5    4
 -2.222809274619271e-15    9    2    5    5
 2.984696571931842e-15    9    2    6    2
 0.005567048552169934    9    2    6    3
 -2.602587004884992e-15    9    2    6    6
 1.195105999265314e-15    9    2    7    4
 -1.056085836531183e-15    9    2    7    5
 1.283066673376749e-15    9    2    8    2
 0.003232745791171083    9    2    8    3
 -1.169137101835379e-15    9    2    8    6
 0.01176507397289936    9    2    9    2
 -0.1963915187308359    9    3    1    1
 -0.1071381030651676    9    3    2    2
 -3.417966903092709e-15    9    3    3    2
 -0.2114463782851714    9    3    3    3
 0.02948312515374925    9    3    4    1
 -0.1315529349674212    9    3    4    4
 0.04433409591232623    9    3    5    1
 -1.469279957765059e-15    9    3    5    2
 0.06910297294086895    9    3    5    4
 -0.07328842244934805    9    3    5    5
 0.08327831620402892    9    3    6    2
 -2.889575848098765e-15    9    3    6    3
 1.387032913426068e-15    9    3    6    4
 -0.08452890339818357    9    3    6    6
 0.01213690426699631    9    3    7    1
 0.03307324667401664    9    3    7    4
 -0.03701608310038473    9    3    7    5
 -0.03206768511208923    9    3    7    7
 0.03283115043464903    9    3    8    2
 -1.825246413839795e-15    9    3    8    3
 -0.04080211582197926    9    3    8    6
 -0.03209963272705958    9    3    8    8
 4.701741210491516e-15    9    3    9    2
 0.156712639427841    9    3    9    3
 0.01665468741263518    9    4    3    1
 -0.007908599430566101    9    4    4    3
 0.002204761022590765    9    4    5    3
 0.00243504816943038    9    4    7    3
 -0.005949675198531115    9    4    9    1
 0.01491354364958109    9    4    9    4
 0.02532157011725428    9    5    3    1
 0.002747834261415335    9    5    4    3
 -0.007865393231786344    9    5    5    3
 -0.005424118101683013    9    5    7    3
 -0.006193381946936221    9    5    9    1
 -0.002738660946657118    9    5    9    4
 0.01087560660265764    9    5    9    5
 0.007731777004255681    9    6    3    2
 -0.006440078401983762    9    6    6    3
 -0.003743854851630422    9    6    8    3
 -0.006003880953813131    9    6    9    2
 0.006991058405099437    9    6    9    6
 -0.0007375330808384004    9    7    3    1
 0.004969068580679951    9    7    4    3
 -0.005043239899770071    9    7    5    3
 -0.001038848458370518    9    7    7    3
 -0.005622139836578611    9    7    9    1
 -0.003329439682533319    9    7    9    4
 0.001206111451858149    9    7    9    5
 0.004174658522666476    9    7    9    7
 0.004546407879384252    9    8    3    2
 -1.457726602401763e-15    9    8    3    3
 -0.004410876262067734    9    8    6    3
 -0.001813482845143133    9    8    8    3
 -0.003860611298664999    9    8    9    2
 0.003094462864820192    9    8    9    6
 0.002541448731545605    9    8    9    8
 0.6145851328269553    9    9    1    1
 0.4717549166647437    9    9    2    2
 6.134751409214102e-15    9    9    3    2
 0.6508839130165899    9    9    3    3
 -0.04193040542820462    9    9    4    1
 -1.070702101614906e-15    9    9    4    2
 0.5084609674297755    9    9    4    4
 -0.06489716691560536    9    9    5    1
 2.530918716877235e-15    9    9    5    2
 -0.1219719772860472    9    9    5    4
 0.3825743785275563    9    9    5    5
 -0.1452097157869345    9    9    6    2
 4.732114386255734e-15    9    9    6    3
 -2.507497116286805e-15    9    9    6    4
 0.3975023434771826    9    9    6    6
 -0.0160523134655923    9    9    7    1
 -0.03480051672978512    9    9    7    4
 0.07528264262671215    9    9    7    5
 1.122878756296473e-15    9    9    7    6
 0.3184803507428354    9    9    7    7
 -0.0319535510768243    9    9    8    2
 2.211669614293045e-15    9    9    8    3
 -1.022543218397447e-15    9    9    8    5
 0.08598726391202771    9    9    8    6
 0.3104442375797442    9    9    8    8
 -4.990152758885482e-15    9    9    9    2
 -0.1547804114658139    9    9    9    3
 0.5809361360019165    9    9    9    9
 0.06061297802608055   10    1    1    1
 1.08202511185978e-15   10    1    2    1
 0.03367906035035176   10    1    2    2
 1.016375168700115e-15   10    1    3    2
 0.06400568809224437   10    1    3    3
 -0.04048965400413181   10    1    4    1
 0.05801263620915392   10    1    4    4
 0.008306670812600966   10    1    5    1
 -0.01880943984382454   10    1    5    4
 0.01360632488474382   10    1    5    5
 -0.02713580991805477   10    1    6    2
 0.03001328529276033   10    1    6    6
 0.008249307515243682   10    1    7    1
 -0.01445038535172689   10    1    7    4
 0.005898959918567498   10    1    7    5
 0.00749519540637627   10    1    7    7
 -0.01363699726518917   10    1    8    2
 0.01226442616007634   10    1    8    6
 0.009574104111853301   10    1    8    8
 -1.446215148818753e-15   10    1    9    2
 -0.04444647466147698   10    1    9    3
 0.04758505485459441   10    1    9    9
 0.04590445298634171   10    1   10    1
 4.640940878847562e-15   10    2    1    1
 -0.002915488629351718   10    2    2    1
 3.475102951743122e-15   10    2    2    2
 4.40675050962229e-15   10    2    3    3
 -0.01257542303302379   10    2    4    2
 3.234665126352238e-15   10    2    4    4
 -0.00910585523524275   10    2    5    2
 -1.5449391308043e-15   10    2    5    4
 2.276575333783406e-15   10    2    5    5
 -0.00444191316353314   10    2    6    1
 -1.600341295857046e-15   10    2    6    2
 -0.00195512682159606   10    2    6    4
 -0.01077048661496894   10    2    6    5
 2.533463010457702e-15   10    2    6    6
 -0.00699963831614617   10    2    7    2
 1.286388183014351e-15   10    2    7    5
 -0.009183770692763261   10    2    7    6
 1.194412285867784e-15   10    2    7    7
 -0.006349253619186602   10    2    8    1
 -0.004038178187483725   10    2    8    4
 -0.007931119119057816   10    2    8    5
 1.632961138558688e-15   10    2    8    6
 -0.02246829898390256   10    2    8    7
 2.545187710072317e-15   10    2    8    8
 -2.987306109023529e-15   10    2    9    3
 3.383423020688129e-15   10    2    9    9
 1.541434065368829e-15   10    2   10    1
 0.01482616619853541   10    2   10    2
 -1.21892264449848e-15   10    3    1    1
 0.01392285085701526   10    3    3    1
 -1.305664690383655e-15   10    3    3    3
 -0.01129434250403999   10    3    4    3
 0.001458445784357018   10    3    5    3
 0.003758014247045654   10    3    7    3
 -0.01674748876164083   10    3    9    1
 0.01544192032092618   10    3    9    4
 -0.005447597084872783   10    3    9    5
 -0.001388215752970378   10    3    9    7
 0.02150419430140458   10    3   10    3
 -0.1537936296029933   10    4    1    1
 -0.09201188957442952   10    4    2    2
 -1.906014078146956e-15   10    4    3    2
 -0.1483605927309705   10    4    3    3
 0.03776668919066292   10    4    4    1
 -0.1216558589558846   10    4    4    4
 0.02141806023721414   10    4    5    1
 -1.072696605657929e-15   10    4    5    2
 0.05551842509973023   10    4    5    4
 -0.06182178077622275   10    4    5    5
 0.06201275378256348   10    4    6    2
 -2.025372043073408e-15   10    4    6    3
 1.162753537980936e-15   10    4    6    4
 -0.07237861429284427   10    4    6    6
 9.660320141002143e-05   10    4    7    1
 0.02686409403584034   10    4    7    4
 -0.03634412230759639   10    4    7    5
 -0.03871411085919391   10    4    7    7
 0.0202306945659107   10    4    8    2
 -1.081793821692422e-15   10    4    8    3
 -0.03726155911664467   10    4    8    6
 -0.03835457302739355   10    4    8    8
 3.119819176777791e-15   10    4    9    2
 0.09671020451571863   10    4    9    3
 -0.1132090360857347   10    4    9    9
 -0.05090515167247932   10    4   10    1
 -2.876553792475811e-15   10    4   10    2
 0.1066563556900855   10    4   10    4
 0.07217372891466052   10    5    1    1
 0.03488623354436701   10    5    2    2
 1.066743138875572e-15   10    5    3    2
 0.06679930914670977   10    5    3    3
 0.001561337899493113   10    5    4    1
 0.05208922931911063   10    5    4    4
 -0.02464720985358495   10    5    5    1
 -0.02915486050758842   10    5    5    4
 0.03137269669454506   10    5    5    5
 -0.02814686863223281   10    5    6    2
 0.02887847217116415   10    5    6    6
 -0.007420793402487726   10    5    7    1
 -0.02231905678453198   10    5    7    4
 0.01148440876709055   10    5    7    5
 0.00853166148735778   10    5    7    7
 -0.01742836741249969   10    5    8    2
 0.008870467387827931   10    5    8    6
 0.006664260507837597   10    5    8    8
 -1.568949536120655e-15   10    5    9    2
 -0.04801316720537738   10    5    9    3
 0.05095861275123145   10    5    9    9
 0.02163394026782454   10    5   10    1
 1.436030218653576e-15   10    5   10    2
 -0.04949037958518226   10    5   10    4
 0.03425100048233056   10    5   10    5
 -1.469365751033756e-15   10    6    1    1
 -0.006028307286387866   10    6    2    1
 -1.432555534023983e-15   10    6    3    3
 0.004259119623141146   10    6    4    2
 -0.00200434309097812   10    6    5    2
 0.005401370770663438   10    6    6    1
 1.166675170782116e-15   10    6    6    2
 -0.006069938962035819   10    6    6    4
 -2.721113740340947e-05   10    6    6    5
 -0.007617892468958879   10    6    7    2
 -0.004206778502110999   10    6    7    6
 0.002138732145040056   10    6    8    1
 1.05454068936587e-15   10    6    8    2
 -0.00791283684112767   10    6    8    4
 -0.005329736212836235   10    6    8    5
 -0.005937836000922791   10    6    8    7
 1.051141461884735e-15   10    6    9    3
 -1.186443801948842e-15   10    6    9    9
 -0.008955106085166725   10    6   10    2
 0.01149795385639891   10    6   10    6
 0.07456781691596934   10    7    1    1
 0.02817817922798561   10    7    2    2
 1.578487419224999e-15   10    7    3    2
 0.07534560434085838   10    7    3    3
 -0.02927981403928243   10    7    4    1
 0.05390972029506528   10    7    4    4
 -0.01145588817218013   10    7    5    1
 1.700911403197762e-15   10    7    5    2
 -0.04741195558332307   10    7    5    4
 0.01152699822229691   10    7    5    5
 -0.04894449513154032   10    7    6    2
 1.605804482242345e-15   10    7    6    3
 0.01482870766017615   10    7    6    6
 -0.008333003023821813   10    7    7    1
 -0.02582871869039461   10    7    7    4
 0.001543923160908787   10    7    7    5
 -0.02630714501774717   10    7    7    7
 -0.02722947422069882   10    7    8    2
 1.045662585318237e-15   10    7    8    3
 0.004742697485915265   10    7    8    6
 1.476854899156514e-15   10    7    8    7
 -0.02727398686523813   10    7    8    8
 -1.288374197872372e-15   10    7    9    2
 -0.03767597073583607   10    7    9    3
 0.06034676261191301   10    7    9    9
 0.01293782272557196   10    7   10    1
 -0.03226783163860487   10    7   10    4
 0.0152034566568506   10    7   10    5
 0.02944623959421207   10    7   10    7
 -4.149670486562755e-15   10    8    1    1
 -0.02083475433438019   10    8    2    1
 -1.237815065610453e-15   10    8    2    2
 -4.301839511345519e-15   10    8    3    3
 1.509209734267214e-15   10    8    4    1
 -0.01097931655425896   10    8    4    2
 -3.311607189028458e-15   10    8    4    4
 -0.02099913301624781   10    8    5    2
 2.193952530441699e-15   10    8    5    4
 0.006106549591786124   10    8    6    1
 3.225053454894261e-15   10    8    6    2
 -0.02145097019517379   10    8    6    4
 -0.02266447680690198   10    8    6    5
 -0.01899471902030947   10    8    7    2
 -0.01190460168682877   10    8    7    6
 -0.00281804569578565   10    8    8    1
 2.225361590800712e-15   10    8    8    2
 -0.01613904889445562   10    8    8    4
 -0.01106637153168451   10    8    8    5
 -0.04635292683458796   10    8    8    7
 2.916544875753299e-15   10    8    8    8
 2.02318546442283e-15   10    8    9    3
 -3.344566172650091e-15   10    8    9    9
 0.001174340972969257   10    8   10    2
 1.430873821668111e-15   10    8   10    4
 0.005049198760982903   10    8   10    6
 -1.892847150672513e-15   10    8   10    7
 0.01281013942074436   10    8   10    8
 -1.379467440044504e-15   10    9    2    1
 -0.04181030766993329   10    9    3    1
 0.02731981002859304   10    9    4    3
 -0.006152518022574053   10    9    5    3
 -0.001341521825376508   10    9    7    3
 0.009164501445720601   10    9    9    1
 -0.006882559598389505   10    9    9    4
 -0.003921470183106368   10    9    9    5
 0.006284854351209179   10    9    9    7
 -0.006450764857374701   10    9   10    3
 0.03678512492500222   10    9   10    9
 0.5982403820942648   10   10    1    1
 2.832418304287533e-15   10   10    2    1
 0.4602666757400496   10   10    2    2
 4.615391482391606e-15   10   10    3    2
 0.5917278428393353   10   10    3    3
 -0.1035809953816264   10   10    4    1
 -2.692227534320662e-15   10   10    4    2
 0.5497285052354499   10   10    4    4
 -0.02327516662066415   10   10    5    1
 3.030818658349607e-15   10   10    5    2
 -0.1450680874196588   10   10    5    4
 0.3732649627493663   10   10    5    5
 -0.1524062665836646   10   10    6    2
 4.926818800363757e-15   10   10    6    3
 -2.248727189282049e-15   10   10    6    4
 0.3928580533049846   10   10    6    6
 -0.002061433262378421   10   10    7    1
 -0.04021682318417601   10   10    7    4
 0.07181537872151002   10   10    7    5
 0.3080662425518725   10   10    7    7
 -0.03206479010661813   10   10    8    2
 2.094953759621367e-15   10   10    8    3
 -1.20641419537038e-15   10   10    8    5
 0.08531645298419412   10   10    8    6
 0.2985162763979545   10   10    8    8
 -4.468607673870127e-15   10   10    9    2
 -0.1390792823698056   10   10    9    3
 0.5233679185747951   10   10    9    9
 0.06045931621051093   10   10   10    1
 3.484355402247689e-15   10   10   10    2
 -0.1215172933845653   10   10   10    4
 0.04255339184702463   10   10   10    5
 -1.013911190148181e-15   10   10   10    6
 0.07809242933236947   10   10   10    7
 -4.529548804714196e-15   10   10   10    8
 0.6036788567000266   10   10   10   10
 2.100966144686199e-15   11    1    1    1
 -0.02870270717504225   11    1    2    1
 1.065156008210464e-15   11    1    2    2
 2.145775237198247e-15   11    1    3    3
 -1.292950842299147e-15   11    1    4    1
 0.004786469655961276   11    1    4    2
 1.859793573169294e-15   11    1    4    4
 0.01165646492155654   11    1    5    2
 0.02774213230923398   11    1    6    1
 -0.003491142369885015   11    1    6    4
 -0.006373278322602996   11    1    6    5
 1.068841520928672e-15   11    1    6    6
 0.0004511233857377557   11    1    7    2
 -0.003705975892543765   11    1    7    6
 0.01391545053382453   11    1    8    1
 -0.003829334982548046   11    1    8    4
 -0.005587078531137319   11    1    8    5
 -0.0008209440569514251   11    1    8    7
 -1.520364126473925e-15   11    1    9    3
 1.613398004336489e-15   11    1    9    9
 -0.01225806410139988   11    1   10    2
 -1.542256674286072e-15   11    1   10    4
 0.0118836961969707   11    1   10    6
 0.004383039527914042   11    1   10    8
 1.76563016592649e-15   11    1   10   10
 0.03695079279511301   11    1   11    1
 -0.11908860676004   11    2    1    1
 -0.07417889696588589   11    2    2    2
 -1.459736659411932e-15   11    2    3    2
 -0.1112326704054609   11    2    3    3
 0.009011255642810773   11    2    4    1
 -0.08305181252529735   11    2    4    4
 0.03104223494102877   11    2    5    1
 0.03498169040587001   11    2    5    4
 -0.05381806763869715   11    2    5    5
 0.04844451416367258   11    2    6    2
 -1.314762164492135e-15   11    2    6    3
 -0.06776418999354493   11    2    6    6
 0.005697867614030724   11    2    7    1
 0.01507192448175594   11    2    7    4
 -0.03194945766729439   11    2    7    5
 -0.03926947212080167   11    2    7    7
 0.01774671527907949   11    2    8    2
 -0.03649056469853559   11    2    8    6
 -0.04174009458210171   11    2    8    8
 3.069830877503057e-15   11    2    9    2
 0.08193164371543796   11    2    9    3
 -0.08414750296052875   11    2    9    9
 -0.03049464613704754   11    2   10    1
 -2.363456236036077e-15   11    2   10    2
 0.06410836339530046   11    2   10    4
 -0.03425135607263186   11    2   10    5
 -0.01642258150777174   11    2   10    7
 -0.07845843074046736   11    2   10   10
 -1.324031837493339e-15   11    2   11    1
 0.07904358447331961   11    2   11    2
 3.05846102335197e-15   11    3    1    1
 1.510360005991821e-15   11    3    2    2
 -0.005932484407909339   11    3    3    2
 3.133809757200843e-15   11    3    3    3
 2.10766345030695e-15   11    3    4    4
 1.368179750704933e-15   11    3    5    5
 -1.043269747621367e-15   11    3    6    2
 0.007513969276515251   11    3    6    3
 1.78482467608226e-15   11    3    6    6
 1.023984274752713e-15   11    3    7    7
 0.004559718281204501   11    3    8    3
 1.066858287412668e-15   11    3    8    6
 1.147215710414421e-15   11    3    8    8
 0.01332140785438485   11    3    9    2
 -2.643352280435873e-15   11    3    9    3
 -0.009093887846439016   11    3    9    6
 -0.005084847807460822   11    3    9    8
 2.03477937040389e-15   11    3    9    9
 -1.780453943628616e-15   11    3   10    4
 1.939615381196244e-15   11    3   10   10
 -1.735551569466203e-15   11    3   11    2
 0.01657632268682333   11    3   11    3
 -4.518512178966222e-15   11    4    1    1
 0.002070734777020496   11    4    2    1
 -2.254989882684076e-15   11    4    2    2
 -4.328494836099025e-15   11    4    3    3
 -0.01162359369903836   11    4    4    2
 -3.827534843617559e-15   11    4    4    4
 -0.00632341173292521   11    4    5    2
 1.411800714488676e-15   11    4    5    4
 -1.700735205119988e-15   11    4    5    5
 -0.006202024081607767   11    4    6    1
 1.871664165187724e-15   11    4    6    2
 -0.001441547096734423   11    4    6    4
 -0.01276505100627271   11    4    6    5
 -2.219242496493584e-15   11    4    6    6
 -0.00543143627919471   11    4    7    2
 -1.151710271142606e-15   11    4    7    5
 -0.008893926998374373   11    4    7    6
 -1.765646966956258e-15   11    4    7    7
 -0.005168148207071213   11    4    8    1
 -0.00240634893543065   11    4    8    4
 -0.007365632131855993   11    4    8    5
 -0.02115990420041683   11    4    8    7
 2.958771202671503e-15   11    4    9    3
 -3.302833252346173e-15   11    4    9    9
 -1.456522487460181e-15   11    4   10    1
 0.01227036648371214   11    4   10    2
 2.803112524465998e-15   11    4   10    4
 -1.410977186014691e-15   11    4   10    5
 -0.008363528023372169   11    4   10    6
 -1.050859746308788e-15   11    4   10    7
 0.0006712623559079976   11    4   10    8
 -3.082843603103605e-15   11    4   10   10
 -0.00630174594161696   11    4   11    1
 2.272734859467469e-15   11    4   11    2
 0.01435850981661365   11    4   11    4
 0.01989766927084934   11    5    2    1
 -0.004483872464129482   11    5    4    2
 -0.01002242067826159   11    5    5    2
 -0.01901791664657194   11    5    6    1
 -0.005667528429364318   11    5    6    4
 -0.006307319373282311   11    5    6    5
 -0.01262847841032892   11    5    7    2
 -0.004962680173369943   11    5    7    6
 -0.00815139494101225   11    5    8    1
 -0.007511982191798479   11    5    8    4
 -0.004528880368615123   11    5    8    5
 -0.01662706981005063   11    5    8    7
 -0.00515495713929962   11    5   10    2
 0.006605414487728547   11    5   10    6
 0.004062867497271192   11    5   10    8
 -0.003278515828368617   11    5   11    1
 -0.001514865573567499   11    5   11    4
 0.01896927293174799   11    5   11    5
 0.1342973710610729   11    6    1    1
 0.07413254625696937   11    6    2    2
 1.888641661816149e-15   11    6    3    2
 0.1292594488931545   11    6    3    3
 -0.01778398371371883   11    6    4    1
 0.08318016253002217   11    6    4    4
 -0.03450437357052585   11    6    5    1
 1.461702316285435e-15   11    6    5    2
 -0.05551288371251267   11    6    5    4
 0.03669963603607379   11    6    5    5
 -0.0750540489649254   11    6    6    2
 2.431145536147768e-15   11    6    6    3
 -1.176134334129847e-15   11    6    6    4
 0.05112590217263553   11    6    6    6
 -0.01236851469168526   11    6    7    1
 -0.03099905323959828   11    6    7    4
 0.015573548137842   11    6    7    5
 -0.002327611090215254   11    6    7    7
 -0.03691924978574739   11    6    8    2
 1.52593349343337e-15   11    6    8    3
 0.02415057211830606   11    6    8    6
 -0.0003496178544581355   11    6    8    8
 -2.592361435151655e-15   11    6    9    2
 -0.07850701400050029   11    6    9    3
 0.1014814913835248   11    6    9    9
 0.02953270557559109   11    6   10    1
 1.691849928437989e-15   11    6   10    2
 -0.06077797365191574   11    6   10    4
 0.03444234101040176   11    6   10    5
 0.02991660591482899   11    6   10    7
 -1.755260685690781e-15   11    6   10    8
 0.09216578672329702   11    6   10   10
 1.355078560377583e-15   11    6   11    1
 -0.06046582257879954   11    6   11    2
 1.694884699976348e-15   11    6   11    3
 -2.280330804783937e-15   11    6   11    4
 0.0699397222165923   11    6   11    6
 1.685162821047737e-15   11    7    1    1
 -0.01406166426874163   11    7    2    1
 1.086948379054631e-15   11    7    2    2
 1.701554789139419e-15   11    7    3    3
 -1.037256738980465e-15   11    7    4    1
 -0.01481996471855529   11    7    4    2
 -0.02869798538832334   11    7    5    2
 -1.5975516310199e-15   11    7    5    4
 -0.002498105810869993   11    7    6    1
 -0.02406082737340693   11    7    6    4
 -0.02497686534355768   11    7    6    5
 -0.02458834333276437   11    7    7    2
 -1.393382765199456e-15   11    7    7    4
 -0.01787506110241834   11    7    7    6
 -2.559395396174454e-15   11    7    7    7
 -0.008068213869823929   11    7    8    1
 -0.02021423715045605   11    7    8    4
 -0.01584202197051741   11    7    8    5
 -0.0577639350400669   11    7    8    7
 1.40559289868123e-15   11    7    9    9
 0.006406746457973452   11    7   10    2
 0.003120035725093399   11    7   10    6
 0.01403359691727533   11    7   10    8
 1.558349627864402e-15   11    7   10   10
 -0.004966891377211726   11    7   11    1
 0.004971344047232075   11    7   11    4
 0.006258249341967226   11    7   11    5
 0.02175577981003968   11    7   11    7
 0.08642669247152593   11    8    1    1
 0.04015308473708862   11    8    2    2
 1.437849947252108e-15   11    8    3    2
 0.08473331749175729   11    8    3    3
 -0.02115449337112109   11    8    4    1
 0.05053850812883986   11    8    4    4
 -0.02051427313026549   11    8    5    1
 1.276098691967758e-15   11    8    5    2
 -0.0449802069193597   11    8    5    4
 0.01387663104532636   11    8    5    5
 -0.05922356709706967   11    8    6    2
 1.976530584359662e-15   11    8    6    3
 0.02529720534165777   11    8    6    6
 -0.01142737161282765   11    8    7    1
 -0.02975378612481516   11    8    7    4
 -0.002209095835279686   11    8    7    5
 -0.0291553803428758   11    8    7    7
 -0.03583621033479503   11    8    8    2
 1.387000698347256e-15   11    8    8    3
 0.0043184505855074   11    8    8    6
 -0.02730132475047469   11    8    8    8
 -1.653297629095625e-15   11    8    9    2
 -0.04864785366546717   11    8    9    3
 0.06571004137895038   11    8    9    9
 0.01681079861841672   11    8   10    1
 -0.03378368412653227   11    8   10    4
 0.02047325294212222   11    8   10    5
 0.02691294977772655   11    8   10    7
 -1.859553187998649e-15   11    8   10    8
 0.06718633264118949   11    8   10   10
 -0.03035144533142576   11    8   11    2
 -1.19317203711778e-15   11    8   11    4
 0.0447666050005436   11    8   11    6
 0.03750339408755746   11    8   11    8
 1.683121443594744e-15   11    9    2    2
 -1.46999918986576e-15   11    9    3    1
 0.02132592136048243   11    9    3    2
 -0.01576789720642994   11    9    6    3
 -0.006762834075125235   11    9    8    3
 -0.0003632081348109428   11    9    9    2
 0.006940469378523809   11    9    9    6
 0.003956940196157038   11    9    9    8
 -0.003531417297146815   11    9   11    3
 0.02663969160869177   11    9   11    9
 -0.03667549863990133   11   10    2    1
 -1.248454627934882e-15   11   10    2    2
 1.082629673413324e-15   11   10    3    1
 -2.239236119098423e-15   11   10    4    1
 0.01629706705567073   11   10    4    2
 1.553148266760889e-15   11   10    4    4
 -0.01153615207466871   11   10    5    2
 -1.183524260478875e-15   11   10    5    4
 0.02956332666782614   11   10    6    1
 -0.02145385103338613   11   10    6    4
 0.001804063774072256   11   10    6    5
 0.001401330109043186   11   10    7    2
 0.003435640739168059   11   10    7    6
 -1.284985989637622e-15   11   10    7    7
 0.0089910208635729   11   10    8    1
 -0.004852445782470586   11   10    8    4
 0.003868494754838315   11   10    8    5
 -0.002874014042946009   11   10    8    7
 -1.312607445220881e-15   11   10    8    8
 -0.0008969096869228136   11   10   10    2
 0.002697665470857241   11   10   10    6
 0.008921066873138456   11   10   10    8
 0.003785520386382477   11   10   11    1
 -0.005982171584605857   11   10   11    4
 -0.01177412830057645   11   10   11    5
 0.008549395817628336   11   10   11    7
 0.04191515166932473   11   10   11   10
 0.6036226388237085   11   11    1    1
 -1.673371082664536e-15   11   11    2    1
 0.5075641497627911   11   11    2    2
 3.036386616413885e-15   11   11    3    2
 0.5873258872980541   11   11    3    3
 -0.04506343279691535   11   11    4    1
 0.5081740271643779   11   11    4    4
 -0.0514979838033981   11   11    5    1
 1.5137689008173e-15   11   11    5    2
 -0.1099227080780537   11   11    5    4
 0.3924946463076883   11   11    5    5
 1.657502289300924e-15   11   11    6    1
 -0.1536976715567112   11   11    6    2
 4.872008927940338e-15   11   11    6    3
 -3.932936074876633e-15   11   11    6    4
 -1.112766397648857e-15   11   11    6    5
 0.4259791328871451   11   11    6    6
 -0.009324707816376711   11   11    7    1
 -0.02056871741839579   11   11    7    4
 0.08190038270843551   11   11    7    5
 1.096429405479812e-15   11   11    7    6
 0.3434373307011498   11   11    7    7
 -0.02526325007512713   11   11    8    2
 1.847631730916391e-15   11   11    8    3
 -1.335063014666242e-15   11   11    8    5
 0.09994681513774163   11   11    8    6
 -1.146424299584475e-15   11   11    8    7
 0.3397677310124437   11   11    8    8
 -4.432144724546385e-15   11   11    9    2
 -0.1384612240196728   11   11    9    3
 0.5210969649413525   11   11    9    9
 0.0412670000231161   11   11   10    1
 3.510593112203118e-15   11   11   10    2
 -0.112630081674501   11   11   10    4
 0.04102190529762325   11   11   10    5
 0.05680270123290279   11   11   10    7
 -2.788513072818584e-15   11   11   10    8
 0.5234391747631916   11   11   10   10
 2.014495794828153e-15   11   11   11    1
 -0.08784233482875135   11   11   11    2
 2.209930018515388e-15   11   11   11    3
 -3.273482792453911e-15   11   11   11    4
 0.1030172399491414   11   11   11    6
 1.753975159721454e-15   11   11   11    7
 0.06724095492387043   11   11   11    8
 1.494258649961939e-15   11   11   11   10
 0.5656445661080757   11   11   11   11
 -0.1315231239674146   12    1    1    1
 -0.07044779485408852   12    1    2    2
 -1.865047588064648e-15   12    1    3    2
 -0.1260568874260918   12    1    3    3
 0.009935717397084536   12    1    4    1
 -0.08032564461556754   12    1    4    4
 0.04086796143202828   12    1    5    1
 -1.046492102211302e-15   12    1    5    2
 0.05115448401443164   12    1    5    4
 -0.05350055647299828   12    1    5    5
 0.06030553707398219   12    1    6    2
 -1.967964971301331e-15   12    1    6    3
 -0.05770713724890508   12    1    6    6
 0.015127297297579   12    1    7    1
 0.02558421068420315   12    1    7    4
 -0.02897238889009376   12    1    7    5
 -0.0197318365270996   12    1    7    7
 0.0264468093669064   12    1    8    2
 -1.264310337199321e-15   12    1    8    3
 -0.02949995889591591   12    1    8    6
 -0.01973328911921194   12    1    8    8
 3.18880040224476e-15   12    1    9    2
 0.09817619800256643   12    1    9    3
 -0.09414399194479822   12    1    9    9
 -0.01827296377667561   12    1   10    1
 -2.303508110633827e-15   12    1   10    2
 0.06850151645619319   12    1   10    4
 -0.03646657277767959   12    1   10    5
 -0.02778816884702016   12    1   10    7
 1.368842975889851e-15   12    1   10    8
 -0.0871165430030635   12    1   10   10
 0.06571981470433366   12    1   11    2
 -1.840694910134466e-15   12    1   11    3
 2.053023892503813e-15   12    1   11    4
 -0.05986119813540169   12    1   11    6
 -0.03548508799212503   12    1   11    8
 -0.09671456760126085   12    1   11   11
 0.08278715864932294   12    1   12    1
 -0.01126526418306025   12    2    2    1
 -0.001704257292888803   12    2    4    2
 0.0003891884747727012   12    2    5    2
 0.01057399229319278   12    2    6    1
 -0.005540578346653902   12    2    6    4
 -0.0151474861584619   12    2    6    5
 -0.00308472573829395   12    2    7    2
 -0.006211643050410857   12    2    7    6
 -1.025775863304928e-15   12    2    7    7
 0.006448277224381059   12    2    8    1
 -0.003911141125621524   12    2    8    4
 -0.006285997444145955   12    2    8    5
 -0.01559367129332592   12    2    8    7
 1.165023190295021e-15   12    2    9    1
 -0.004121378978114308   12    2   10    2
 0.007169300748087934   12    2   10    6
 0.004941889688020671   12    2   10    8
 0.02456953600035715   12    2   11    1
 0.002400724151169733   12    2   11    4
 0.001528471806569644   12    2   11    5
 0.001004765421795216   12    2   11    7
 -0.002919839216370882   12    2   11   10
 0.023641942107337   12    2   12    2
 -0.01462505467222018   12    3    3    1
 0.003286359342295956   12    3    4    3
 0.01049600932352076   12    3    5    3
 0.002133533849607246   12    3    7    3
 0.03607477858662723   12    3    9    1
 0.001702147150199431   12    3    9    4
 -0.004881870099054525   12    3    9    5
 -0.00787841696831173   12    3    9    7
 -0.01031078573775815   12    3   10    3
 -0.0007746742285488299   12    3   10    9
 0.03985230571301029   12    3   12    3
 -0.005929874631816459   12    4    1    1
 -0.0009655761806704618   12    4    2    2
 -0.004396474464418798   12    4    3    3
 -0.0009407041011258857   12    4    4    1
 0.002777816000352554   12    4    4    4
 0.008908075802436737   12    4    5    1
 0.007295344038682424   12    4    5    4
 -0.011126113355689   12    4    5    5
 0.003886075392551545   12    4    6    2
 -0.006256320492791121   12    4    6    6
 0.007044491233885762   12    4    7    1
 0.002243592894713897   12    4    7    4
 -0.008864839366419646   12    4    7    5
 -0.00465385619464997   12    4    7    7
 0.001944800580010019   12    4    8    2
 -0.004369357514124717   12    4    8    6
 -0.004537230805584809   12    4    8    8
 0.01399681324416059   12    4    9    3
 -0.00228078186548384   12    4    9    9
 0.01652394598647071   12    4   10    1
 0.008192455542864232   12    4   10    4
 -0.002365080343000502   12    4   10    5
 -0.00549318052981098   12    4   10    7
 -0.005916411789700409   12    4   10   10
 0.01004318335863278   12    4   11    2
 -0.002316862359676433   12    4   11    6
 -0.001442769853386662   12    4   11    8
 -0.01150458813482831   12    4   11   11
 0.02619009749287429   12    4   12    1
 0.02990000732041348   12    4   12    4
 0.11274677983246   12    5    1    1
 0.05546277936315606   12    5    2    2
 1.801903060279917e-15   12    5    3    2
 0.1089055245433322   12    5    3    3
 -0.0004567269953950918   12    5    4    1
 0.06661542927626662   12    5    4    4
 -0.03841313211084179   12    5    5    1
 1.105134030491627e-15   12    5    5    2
 -0.05583127384898826   12    5    5    4
 0.03334876762914529   12    5    5    5
 -0.06122387638819182   12    5    6    2
 2.010083903968841e-15   12    5    6    3
 -1.057621147859435e-15   12    5    6    4
 0.02983514214706235   12    5    6    6
 -0.0181210055954084   12    5    7    1
 -0.02583118459158721   12    5    7    4
 0.0151600584506237   12    5    7    5
 -0.00612243291588523   12    5    7    7
 -0.02579861274681889   12    5    8    2
 1.081914692664026e-15   12    5    8    3
 0.01633196598283326   12    5    8    6
 -0.009998652939857262   12    5    8    8
 -1.813096261249316e-15   12    5    9    2
 -0.05451565622589686   12    5    9    3
 0.08733458976077871   12    5    9    9
 9.327849139238954e-05   12    5   10    1
 -0.03375657339515972   12    5   10    4
 0.02352462071261016   12    5   10    5
 0.02826063572063918   12    5   10    7
 -1.357054883303277e-15   12    5   10    8
 0.07827387996019818   12    5   10   10
 -0.02803501779077647   12    5   11    2
 -1.001633956573486e-15   12    5   11    4
 0.04288617554833458   12    5   11    6
 0.0318116995841786   12    5   11    8
 0.08197292656459568   12    5   11   11
 -0.04829655700722667   12    5   12    1
 -0.01491274187180795   12    5   12    4
 0.05056116057595005   12    5   12    5
 0.007324002910236527   12    6    2    1
 -0.01521584113593852   12    6    4    2
 -0.02917407257084479   12    6    5    2
 -0.01841821279277138   12    6    6    1
 -0.01762884941298483   12    6    6    4
 -0.02340862567578391   12    6    6    5
 -0.01597748365129746   12    6    7    2
 -0.006461064335509534   12    6    7    6
 -1.876625802454197e-15   12    6    7    7
 -0.01253807102430835   12    6    8    1
 -0.009635481444383682   12    6    8    4
 -0.003404452876952679   12    6    8    5
 -0.04290474645916596   12    6    8    7
 0.009364005742034788   12    6   10    2
 -0.003195605094684136   12    6   10    6
 0.007853109396034659   12    6   10    8
 -0.02051153319198441   12    6   11    1
 0.007434375593714947   12    6   11    4
 0.01073392816938172   12    6   11    5
 0.01565114168920435   12    6   11    7
 -0.0004307978051004238   12    6   11   10
 -0.007742232721695504   12    6   12    2
 0.02543564010515005   12    6   12    6
 0.04364029837739414   12    7    1    1
 0.01222587663235615   12    7    2    2
 0.0403933089328144   12    7    3    3
 0.00629601439334165   12    7    4    1
 0.01796391010382211   12    7    4    4
 -0.02460580638217512   12    7    5    1
 -0.02855508563961176   12    7    5    4
 0.008543976728260688   12    7    5    5
 -0.02959069092734734   12    7    6    2
 -1.050236205539091e-15   12    7    6    4
 0.004797895134217025   12    7    6    6
 -0.01279664257998629   12    7    7    1
 -0.02114405080968991   12    7    7    4
 -0.003781509933511808   12    7    7    5
 -0.02446297059969045   12    7    7    7
 -0.02272721619725558   12    7    8    2
 -0.00517471111996615   12    7    8    6
 -1.68053785188505e-15   12    7    8    7
 -0.02471031409267655   12    7    8    8
 -1.003723615004554e-15   12    7    9    2
 -0.02905282456843808   12    7    9    3
 0.02900643165933134   12    7    9    9
 -0.0001251027958498654   12    7   10    1
 -0.01620025052250225   12    7   10    4
 0.01644677551162258   12    7   10    5
 0.0162798309946964   12    7   10    7
 0.02072913419572012   12    7   10   10
 -0.01404704174732174   12    7   11    2
 0.02465130461427741   12    7   11    6
 0.02190070829646829   12    7   11    8
 0.02337344158374683   12    7   11   11
 -0.02526875028586746   12    7   12    1
 -0.006409738970515548   12    7   12    4
 0.02580755860035021   12    7   12    5
 0.02138516674956455   12    7   12    7
 1.342284491217714e-15   12    8    1    1
 0.01123270470979879   12    8    2    1
 1.114037957144111e-15   12    8    2    2
 1.487429437648613e-15   12    8    3    3
 -0.008395400447185378   12    8    4    2
 -0.01279835158728752   12    8    5    2
 -0.01501337764519518   12    8    6    1
 -0.005792356175093921   12    8    6    4
 -0.006228600753263571   12    8    6    5
 -0.01627827303726605   12    8    7    2
 -0.01357600302147917   12    8    7    6
 -0.009676325337093452   12    8    8    1
 -0.01128030520031165   12    8    8    4
 -0.0130641839612194   12    8    8    5
 -0.02632505162577724   12    8    8    7
 1.171901128875007e-15   12    8    9    9
 0.004691063812079048   12    8   10    2
 0.001538160794225203   12    8   10    6
 0.005081117300423487   12    8   10    8
 1.748969344854594e-15   12    8   10   10
 -0.009417155589680598   12    8   11    1
 0.004628918351381138   12    8   11    4
 0.009948764633934364   12    8   11    5
 0.0118927857203702   12    8   11    7
 -0.006515891967522698   12    8   11   10
 -0.00210708611681487   12    8   12    2
 0.01169792850819039   12    8   12    6
 0.01332822054832674   12    8   12    8
 3.054830704533613e-15   12    9    2    1
 0.09561244281458134   12    9    3    1
 -0.005208382856720545   12    9    4    3
 -0.01891636932247324   12    9    5    3
 -0.01123806333903856   12    9    7    3
 -0.0161192570124338   12    9    9    1
 0.01065233592845562   12    9    9    4
 0.02168921782264304   12    9    9    5
 -0.002629472463614357   12    9    9    7
 0.002093599678754907   12    9   10    3
 -0.02395095807460802   12    9   10    9
 0.00235919676734316   12    9   12    3
 0.08108995070268846   12    9   12    9
 0.006608951101183898   12   10    1    1
 -2.493414993924568e-15   12   10    2    1
 0.009005624369682198   12   10    2    2
 -0.006360894975798454   12   10    3    3
 0.0554576455711657   12   10    4    1
 0.003255395029888471   12   10    4    4
 -0.03005677672793295   12   10    5    1
 0.006236766359474415   12   10    5    4
 0.02869320124409592   12   10    5    5
 0.01856977134027581   12   10    6    2
 0.009062628115824445   12   10    6    6
 -0.007921447867246556   12   10    7    1
 0.003993250071215701   12   10    7    4
 0.01496390065526565   12   10    7    5
 0.03208363709437737   12   10    7    7
 0.01141011774465453   12   10    8    2
 0.005844975786564511   12   10    8    6
 0.02737841890029215   12   10    8    8
 -0.004094319349999558   12   10    9    3
 -0.003458027384035993   12   10    9    9
 -0.01065491554382751   12   10   10    1
 0.001070737876665741   12   10   10    4
 0.01414461141290453   12   10   10    5
 -0.009866622989477778   12   10   10    7
 1.211858413000005e-15   12   10   10    8
 -0.02686947769254353   12   10   10   10
 -0.01138802216657026   12   10   11    2
 0.002574423670844816   12   10   11    6
 -0.005891608384317791   12   10   11    8
 -0.009312790964579251   12   10   11   11
 -0.008366160047278958   12   10   12    1
 -0.0005071038028857319   12   10   12    4
 0.007631599562828763   12   10   12    5
 0.0068469737040877   12   10   12    7
 0.03941135462749525   12   10   12   10
 0.07465804205169604   12   11    2    1
 -2.178928923165257e-15   12   11    3    1
 1.62888521082577e-15   12   11    4    1
 0.01923976477104483   12   11    4    2
 0.0206390165022462   12   11    5    2
 -0.04349496616560281   12   11    6    1
 0.03110764422296966   12   11    6    4
 0.04001054572837859   12   11    6    5
 0.01745292729806727   12   11    7    2
 0.01770003802778258   12   11    7    6
 2.353618345560521e-15   12   11    7    7
 -0.009136894329164603   12   11    8    1
 0.01947280421268063   12   11    8    4
 0.01656880416246196   12   11    8    5
 0.060752498763971   12   11    8    7
 -1.030422703536151e-15   12   11    8    8
 -0.006935217747539709   12   11   10    2
 -0.00140356953115605   12   11   10    6
 -0.01647663735395323   12   11   10    8
 -0.01976153437247809   12   11   11    1
 -0.003309650052374048   12   11   11    4
 0.01724315413675333   12   11   11    5
 -0.01368786942840324   12   11   11    7
 -0.02662241696235355   12   11   11   10
 -1.488948718005748e-15   12   11   11   11
 -0.01046831064731238   12   11   12    2
 0.00316205727968561   12   11   12    6
 0.00697690393892441   12   11   12    8
 -1.007381360022861e-15   12   11   12   10
 0.06329126385675969   12   11   12   11
 0.6107321679266873   12   12    1    1
 0.4951417190650343   12   12    2    2
 3.6588596437999e-15   12   12    3    2
 0.597228374609054   12   12    3    3
 0.03227417769131062   12   12    4    1
 0.5124072799223981   12   12    4    4
 -0.09370349147859547   12   12    5    1
 2.603123308250111e-15   12   12    5    2
 -0.1038291039459417   12   12    5    4
 0.4234776975712105   12   12    5    5
 -0.1151811551831454   12   12    6    2
 3.697656142538169e-15   12   12    6    3
 -1.415379663344949e-15   12   12    6    4
 0.4186975247215809   12   12    6    6
 -0.02016515532333962   12   12    7    1
 -0.01833965899378268   12   12    7    4
 0.09320521011897212   12   12    7    5
 1.675677157058613e-15   12   12    7    6
 0.371640613310267   12   12    7    7
 -0.007610493935750402   12   12    8    2
 1.289941176617376e-15   12   12    8    3
 1.095864985503822e-15   12   12    8    4
 0.09316628115402727   12   12    8    6
 0.3591615683817939   12   12    8    8
 -3.904090963649386e-15   12   12    9    2
 -0.1246379127155604   12   12    9    3
 0.5262037893578509   12   12    9    9
 0.02667206931533846   12   12   10    1
 3.13011540467902e-15   12   12   10    2
 -0.0945933696472297   12   12   10    4
 0.05684806371684856   12   12   10    5
 0.03943990881151737   12   12   10    7
 -2.765877385765225e-15   12   12   10    8
 0.4748738852447755   12   12   10   10
 -0.08501225918109498   12   12   11    2
 2.18613510445237e-15   12   12   11    3
 -2.943402302019321e-15   12   12   11    4
 0.08964347348175111   12   12   11    6
 0.05091282907366464   12   12   11    8
 0.5057937510178595   12   12   11   11
 -0.08597896873243133   12   12   12    1
 0.0009931715671075833   12   12   12    4
 0.08348645559644402   12   12   12    5
 0.03166903732868308   12   12   12    7
 0.043523454471387   12   12   12   10
 1.30790621704167e-15   12   12   12   11
 0.5679221751442172   12   12   12   12
 -5.452266346755431    1    1  0  0
 -3.268091487715891e-15    2    1  0  0
 -4.061197722849902    2    2  0  0
 -2.713248701170509e-14    3    2  0  0
 -4.813182435615773    3    3  0  0
 0.2165507448802075    4    1  0  0
 6.308531450042612e-15    4    2  0  0
 -4.245142068538636    4    4  0  0
 0.4883951423890445    5    1  0  0
 -1.79900605767087e-14    5    2  0  0
 -1.126308466707206e-15    5    3  0  0
 0.8885332335220762    5    4  0  0
 -3.103251950056558    5    5  0  0
 1.065549612865604    6    2  0  0
 -3.439969968417172e-14    6    3  0  0
 1.825077320930914e-14    6    4  0  0
 3.243298715747488e-15    6    5  0  0
 -3.167328408494082    6    6  0  0
 0.08793056578712369    7    1  0  0
 -2.515786736850959e-15    7    2  0  0
 -1.072332545273268e-15    7    3  0  0
 0.2028782456226897    7    4  0  0
 -0.6647364580797125    7    5  0  0
 -1.019381549087447e-14    7    6  0  0
 -1.913684949688326    7    7  0  0
 2.931739288327566e-15    8    1  0  0
 0.1659759808126576    8    2  0  0
 -1.315517271254111e-14    8    3  0  0
 -6.57047306936795e-15    8    4  0  0
 8.559943374774492e-15    8    5  0  0
 -0.7406568268683189    8    6  0  0
 1.091757604738341e-15    8    7  0  0
 -1.787080334965925    8    8  0  0
 1.832300684821159e-15    9    1  0  0
 3.330559460157617e-14    9    2  0  0
 1.028281113510688    9    3  0  0
 -4.764184585889389e-15    9    4  0  0
 2.648106559580707e-15    9    5  0  0
 2.802277934998307e-15    9    7  0  0
 5.082642111089992e-15    9    8  0  0
 -3.106538766099715    9    9  0  0
 -0.3232336951946667   10    1  0  0
 -2.59614796937133e-14   10    2  0  0
 6.433952867715414e-15   10    3  0  0
 0.8456286619005552   10    4  0  0
 -0.3957193144698329   10    5  0  0
 7.75231813152255e-15   10    6  0  0
 -0.43213086315827   10    7  0  0
 2.352105594364726e-14   10    8  0  0
 -2.04710764223718e-15   10    9  0  0
 -2.967926305818369   10   10  0  0
 -1.144018418819622e-14   11    1  0  0
 0.654666289993365   11    2  0  0
 -1.680877047323919e-14   11    3  0  0
 2.417267191399168e-14   11    4  0  0
 -0.7594799874758109   11    6  0  0
 -1.042491197582299e-14   11    7  0  0
 -0.4898876694577864   11    8  0  0
 -3.707014423620514e-15   11    9  0  0
 -3.081915951648999e-15   11   10  0  0
 -2.885408950398575   11   11  0  0
 0.6583527546449488   12    1  0  0
 4.89695061800898e-15   12    2  0  0
 0.03132385395840932   12    4  0  0
 -0.6284125217886274   12    5  0  0
 -3.325584153859141e-15   12    6  0  0
 -0.2120270891618994   12    7  0  0
 -7.076044123113973e-15   12    8  0  0
 -0.04953082381486969   12   10  0  0
 -2.486677756616342e-15   12   11  0  0
 -2.736437512008461   12   12  0  0
 -54.49764963332727  0  0  0  0
