 &FCI NORB=   7,NELEC=10,MS2=0,
  ORBSYM=1,1,1,1,1,1,1,
  ISYM=1,
 &END
 4.744609400386779    1    1    1    1
 -0.4177536035750489    1    1    2    1
 1.005340567828591    1    1    2    2
 0.794753669780452    1    1    3    3
 0.1791161601017196    1    1    4    1
 -0.1276304622854841    1    1    4    2
 1.351054913099057e-15    1    1    4    3
 1.000529691907878    1    1    4    4
 1.115337037458789    1    1    5    5
 -0.2379742754034066    1    1    6    1
 0.3061279375388876    1    1    6    2
 4.272367755336355e-15    1    1    6    3
 0.2192666791060747    1    1    6    4
 0.7945799415485932    1    1    6    6
 2.41365087638723e-15    1    1    7    1
 -3.58046925441613e-15    1    1    7    2
 0.3641301812873127    1    1    7    3
 -3.05311331771918e-15    1    1    7    4
 0.8719994470526418    1    1    7    7
 -0.4177536035750488    2    1    1    1
 0.05842101624723089    2    1    2    1
 -0.01324421843707495    2    1    2    2
 -0.004416334742272897    2    1    3    3
 -0.02206933002448267    2    1    4    1
 0.008989351527577242    2    1    4    2
 -0.01338563374606195    2    1    4    4
 -0.01173588841322371    2    1    5    5
 0.03569417782046811    2    1    6    1
 -0.006780864127722708    2    1    6    2
 -0.002179114438917664    2    1    6    4
 -0.006989433308815771    2    1    6    6
 -0.007443198003267439    2    1    7    3
 -0.009541493638118088    2    1    7    7
 1.005340567828591    2    2    1    1
 -0.01324421843707491    2    2    2    1
 0.7261476318199729    2    2    2    2
 0.6414904633944167    2    2    3    3
 0.01552639746078404    2    2    4    1
 0.001827371132601431    2    2    4    2
 0.6773590443370088    2    2    4    4
 0.7477525130302096    2    2    5    5
 -0.001340368862359167    2    2    6    1
 0.141487956053562    2    2    6    2
 1.478672555117339e-15    2    2    6    3
 0.09704728115118591    2    2    6    4
 0.6091795727237624    2    2    6    6
 -1.883909694910813e-15    2    2    7    2
 0.1418206709052474    2    2    7    3
 -1.471045507628332e-15    2    2    7    4
 0.6238808335411752    2    2    7    7
 0.0108305809219949    3    1    3    1
 0.01758292559242112    3    1    3    2
 -0.003200688067214728    3    1    4    3
 0.002965630248251502    3    1    6    3
 0.01527672693578548    3    1    7    1
 0.01397744403143469    3    1    7    2
 -0.009359874306879856    3    1    7    4
 0.009225316450985389    3    1    7    6
 0.01758292559242111    3    2    3    1
 0.1439534385661297    3    2    3    2
 0.02116812473844718    3    2    4    3
 -0.04232712555938632    3    2    6    3
 2.54830755166686e-15    3    2    6    6
 0.02318436208394012    3    2    7    1
 0.04196412776177696    3    2    7    2
 -0.0757988875872808    3    2    7    4
 0.09928041186404639    3    2    7    6
 -2.253405795293872e-15    3    2    7    7
 0.7947536697804521    3    3    1    1
 -0.004416334742272892    3    3    2    1
 0.641490463394417    3    3    2    2
 0.6291469439113621    3    3    3    3
 0.006276296713261697    3    3    4    1
 0.006835390268564017    3    3    4    2
 0.5963645026356896    3    3    4    4
 0.6258549696562964    3    3    5    5
 6.002197992191071e-05    3    3    6    1
 0.07359823068109686    3    3    6    2
 0.04278989668201995    3    3    6    4
 0.568409738178422    3    3    6    6
 -1.228184220991579e-15    3    3    7    2
 0.09064276178517869    3    3    7    3
 0.6087493161811994    3    3    7    7
 0.1791161601017196    4    1    1    1
 -0.02206933002448266    4    1    2    1
 0.01552639746078405    4    1    2    2
 0.006276296713261694    4    1    3    3
 0.02750903190964542    4    1    4    1
 0.0194191541356149    4    1    4    2
 -0.01138805615880327    4    1    4    4
 0.004987240861716903    4    1    5    5
 -0.0003807931270116157    4    1    6    1
 0.01848959122545912    4    1    6    2
 0.00282292352649825    4    1    6    4
 0.02094038041301493    4    1    6    6
 -0.0007433133339072564    4    1    7    3
 0.004021842543070651    4    1    7    7
 -0.127630462285484    4    2    1    1
 0.008989351527577219    4    2    2    1
 0.001827371132601382    4    2    2    2
 0.00683539026856396    4    2    3    3
 0.01941915413561491    4    2    4    1
 0.1251898658434464    4    2    4    2
 -0.1045937520192596    4    2    4    4
 -0.06840929312208745    4    2    5    5
 0.02015664846197133    4    2    6    1
 0.0219548821571428    4    2    6    2
 -0.02884004400882852    4    2    6    4
 0.05880925765686516    4    2    6    6
 -0.07448797825960835    4    2    7    3
 -0.0153320395324379    4    2    7    7
 1.384000992679603e-15    4    3    1    1
 -0.003200688067214724    4    3    3    1
 0.0211681247384472    4    3    3    2
 0.04711502592254252    4    3    4    3
 -0.02958155822330935    4    3    6    3
 1.307943921696424e-15    4    3    6    6
 -0.004676190771922953    4    3    7    1
 -0.0329389665080369    4    3    7    2
 0.001778957672555141    4    3    7    4
 0.04853225945143084    4    3    7    6
 -1.102416768983261e-15    4    3    7    7
 1.000529691907879    4    4    1    1
 -0.01338563374606196    4    4    2    1
 0.677359044337009    4    4    2    2
 0.5963645026356896    4    4    3    3
 -0.01138805615880325    4    4    4    1
 -0.1045937520192596    4    4    4    2
 0.7820446294485469    4    4    4    4
 0.7289154586561086    4    4    5    5
 -0.01876649698621274    4    4    6    1
 0.08882495066615297    4    4    6    2
 2.203284980366837e-15    4    4    6    3
 0.1204075262772039    4    4    6    4
 0.5466303398405763    4    4    6    6
 0.1612248612558068    4    4    7    3
 -1.387778780781446e-15    4    4    7    4
 0.608633758171625    4    4    7    7
 0.02604094970110358    5    1    5    1
 0.03253831243027629    5    1    5    2
 -0.01310779529551149    5    1    5    4
 0.01576654984443584    5    1    6    5
 0.0325383124302763    5    2    5    1
 0.1450024451465043    5    2    5    2
 -0.0459110295909508    5    2    5    4
 0.05926157464724705    5    2    6    5
 0.02850676152297715    5    3    5    3
 0.02377082776930315    5    3    7    5
 -0.0131077952955115    5    4    5    1
 -0.04591102959095078    5    4    5    2
 0.05513156480212608    5    4    5    4
 -0.001379786183880729    5    4    6    5
 1.115337037458789    5    5    1    1
 -0.0117358884132237    5    5    2    1
 0.7477525130302096    5    5    2    2
 0.6258549696562965    5    5    3    3
 0.004987240861716897    5    5    4    1
 -0.06840929312208753    5    5    4    2
 0.7289154586561087    5    5    4    4
 0.8801590933750436    5    5    5    5
 -0.006234944545221191    5    5    6    1
 0.1578399873748849    5    5    6    2
 2.161620826576438e-15    5    5    6    3
 0.116540392174498    5    5    6    4
 0.5853511275724774    5    5    6    6
 -1.880440247958859e-15    5    5    7    2
 0.1913571706038588    5    5    7    3
 -1.609823385706477e-15    5    5    7    4
 0.6259208319111742    5    5    7    7
 -0.2379742754034065    6    1    1    1
 0.03569417782046809    6    1    2    1
 -0.00134036886235916    6    1    2    2
 6.002197992192042e-05    6    1    3    3
 -0.0003807931270116199    6    1    4    1
 0.02015664846197134    6    1    4    2
 -0.0187664969862127    6    1    4    4
 -0.006234944545221187    6    1    5    5
 0.03079950242710683    6    1    6    1
 0.006467752760208786    6    1    6    2
 8.370156231937892e-05    6    1    6    4
 0.008103614579873205    6    1    6    6
 -0.00680027595341948    6    1    7    3
 -0.005260766254911436    6    1    7    7
 0.3061279375388872    6    2    1    1
 -0.006780864127722689    6    2    2    1
 0.141487956053562    6    2    2    2
 0.07359823068109694    6    2    3    3
 0.01848959122545912    6    2    4    1
 0.02195488215714277    6    2    4    2
 0.08882495066615288    6    2    4    4
 0.1578399873748847    6    2    5    5
 0.006467752760208797    6    2    6    1
 0.1008867146281472    6    2    6    2
 1.474072233795012e-15    6    2    6    3
 0.06186345602474348    6    2    6    4
 0.09430299830705803    6    2    6    6
 0.07684675934561036    6    2    7    3
 0.06906620777020023    6    2    7    7
 4.243287041579061e-15    6    3    1    1
 1.42166663976282e-15    6    3    2    2
 0.002965630248251502    6    3    3    1
 -0.04232712555938634    6    3    3    2
 -0.02958155822330934    6    3    4    3
 2.12878447291153e-15    6    3    4    4
 2.15695418948641e-15    6    3    5    5
 1.443235329663571e-15    6    3    6    2
 0.0733906896400765    6    3    6    3
 1.455324497109033e-15    6    3    6    4
 -1.536667348683083e-15    6    3    6    6
 0.003670102315026558    6    3    7    1
 0.03481224653994957    6    3    7    2
 1.021752127350339e-15    6    3    7    3
 0.04544697438360034    6    3    7    4
 -0.06704770886068279    6    3    7    6
 2.454633718507182e-15    6    3    7    7
 0.2192666791060749    6    4    1    1
 -0.002179114438917666    6    4    2    1
 0.09704728115118594    6    4    2    2
 0.04278989668201982    6    4    3    3
 0.002822923526498258    6    4    4    1
 -0.02884004400882851    6    4    4    2
 0.120407526277204    6    4    4    4
 0.1165403921744981    6    4    5    5
 8.370156231936194e-05    6    4    6    1
 0.06186345602474348    6    4    6    2
 1.439698753049279e-15    6    4    6    3
 0.06832750444070289    6    4    6    4
 0.04464049297201744    6    4    6    6
 0.07800554628908121    6    4    7    3
 0.04253854225200963    6    4    7    7
 0.01576654984443585    6    5    5    1
 0.05926157464724702    6    5    5    2
 -0.001379786183880724    6    5    5    4
 0.03839936677575369    6    5    6    5
 0.7945799415485932    6    6    1    1
 -0.00698943330881572    6    6    2    1
 0.6091795727237626    6    6    2    2
 2.510601110374272e-15    6    6    3    2
 0.568409738178422    6    6    3    3
 0.02094038041301493    6    6    4    1
 0.05880925765686511    6    6    4    2
 1.307461836273423e-15    6    6    4    3
 0.5466303398405763    6    6    4    4
 0.5853511275724773    6    6    5    5
 0.00810361457987323    6    6    6    1
 0.09430299830705802    6    6    6    2
 -1.408793641420639e-15    6    6    6    3
 0.04464049297201747    6    6    6    4
 0.5932770866091528    6    6    6    6
 -1.630640067418199e-15    6    6    7    2
 0.03815596130582678    6    6    7    3
 -1.845745778439323e-15    6    6    7    4
 2.706168622523819e-15    6    6    7    6
 0.563937973583528    6    6    7    7
 2.437612562111804e-15    7    1    1    1
 0.01527672693578548    7    1    3    1
 0.02318436208394012    7    1    3    2
 -0.004676190771922951    7    1    4    3
 0.003670102315026554    7    1    6    3
 0.02160458137984659    7    1    7    1
 0.01866610561487494    7    1    7    2
 -0.01299914475303959    7    1    7    4
 0.01240164071078731    7    1    7    6
 -3.50932681657169e-15    7    2    1    1
 -1.818777388840596e-15    7    2    2    2
 0.01397744403143469    7    2    3    1
 0.04196412776177696    7    2    3    2
 -1.205089772624587e-15    7    2    3    3
 -0.0329389665080369    7    2    4    3
 -1.883909694910811e-15    7    2    5    5
 0.03481224653994957    7    2    6    3
 -1.694090670655981e-15    7    2    6    6
 0.01866610561487494    7    2    7    1
 0.06252971204411524    7    2    7    2
 -1.11672823766007e-15    7    2    7    3
 -0.01708566490733399    7    2    7    4
 -0.008529429680067859    7    2    7    6
 0.3641301812873128    7    3    1    1
 -0.00744319800326743    7    3    2    1
 0.1418206709052475    7    3    2    2
 0.09064276178517872    7    3    3    3
 -0.0007433133339072588    7    3    4    1
 -0.07448797825960833    7    3    4    2
 0.1612248612558068    7    3    4    4
 0.1913571706038588    7    3    5    5
 -0.006800275953419494    7    3    6    1
 0.07684675934561029    7    3    6    2
 1.028444362194146e-15    7    3    6    3
 0.07800554628908125    7    3    6    4
 0.03815596130582685    7    3    6    6
 -1.136243876764809e-15    7    3    7    2
 0.151966602285304    7    3    7    3
 -1.665334536937735e-15    7    3    7    4
 1.158795281952507e-15    7    3    7    6
 0.09632454486431616    7    3    7    7
 -3.046984671897796e-15    7    4    1    1
 -1.37717327574449e-15    7    4    2    2
 -0.009359874306879854    7    4    3    1
 -0.07579888758728079    7    4    3    2
 0.00177895767255514    7    4    4    3
 -1.427259690085924e-15    7    4    4    4
 -1.609823385706476e-15    7    4    5    5
 0.04544697438360034    7    4    6    3
 -1.885478064329283e-15    7    4    6    6
 -0.01299914475303959    7    4    7    1
 -0.01708566490733397    7    4    7    2
 -1.642783131750036e-15    7    4    7    3
 0.06785396231384506    7    4    7    4
 -0.05764945407412028    7    4    7    6
 0.02377082776930315    7    5    5    3
 0.02464124266543965    7    5    7    5
 0.009225316450985387    7    6    3    1
 0.0992804118640464    7    6    3    2
 0.04853225945143079    7    6    4    3
 -0.06704770886068279    7    6    6    3
 2.642313307199532e-15    7    6    6    6
 0.01240164071078731    7    6    7    1
 -0.00852942968006784    7    6    7    2
 1.18698453843713e-15    7    6    7    3
 -0.05764945407412032    7    6    7    4
 0.116757373475796    7    6    7    6
 -2.579533808777512e-15    7    6    7    7
 0.8719994470526419    7    7    1    1
 -0.009541493638118079    7    7    2    1
 0.6238808335411752    7    7    2    2
 -2.281746028748305e-15    7    7    3    2
 0.6087493161811997    7    7    3    3
 0.004021842543070648    7    7    4    1
 -0.01533203953243787    7    7    4    2
 -1.188846139878318e-15    7    7    4    3
 0.6086337581716251    7    7    4    4
 0.625920831911174    7    7    5    5
 -0.005260766254911444    7    7    6    1
 0.0690662077702001    7    7    6    2
 2.485181247239938e-15    7    7    6    3
 0.0425385422520098    7    7    6    4
 0.5639379735835278    7    7    6    6
 0.09632454486431616    7    7    7    3
 -2.664535259100376e-15    7    7    7    6
 0.619443353860976    7    7    7    7
 -32.69210003147329    1    1  0  0
 0.5596139279629829    2    1  0  0
 -7.657160022874356    2    2  0  0
 1.733833672867845e-15    3    2  0  0
 -6.33317019907007    3    3  0  0
 -0.2286271058420173    4    1  0  0
 0.4343628762598442    4    2  0  0
 -6.710553116506333e-15    4    3  0  0
 -6.977740777859183    4    4  0  0
 1.066058300509588e-15    5    2  0  0
 6.188294122043853e-15    5    3  0  0
 2.131274367855508e-15    5    4  0  0
 -7.44933371826314    5    5  0  0
 0.3053120917202724    6    1  0  0
 -1.370481585686792    6    2  0  0
 -1.971224124040214e-14    6    3  0  0
 -1.081083279846825    6    4  0  0
 -5.306557628116771    6    6  0  0
 -2.159730727591125e-15    7    1  0  0
 1.709743457922741e-14    7    2  0  0
 -1.724917889747026    7    3  0  0
 1.48769885299771e-14    7    4  0  0
 1.210312270527507e-15    7    5  0  0
 -2.109423746787797e-15    7    6  0  0
 -5.609776779371997    7    7  0  0
 9.094848418932882  0  0  0  0
