 &FCI NORB=  12,NELEC= 8,MS2=0,
  ORBSYM=1,1,1,1,1,1,1,1,1,1,1,1,
  ISYM=1,
 &END
 0.7525193115311645    1    1    1    1
 0.1478886967874702    2    1    2    1
 0.6679022791538406    2    2    1    1
 0.6496005202470139    2    2    2    2
 0.0187795643496115    3    1    1    1
 0.008376435293430335    3    1    2    2
 0.1166962470523572    3    1    3    1
 0.01308317751872631    3    2    2    1
 0.04112584044899175    3    2    3    2
 0.6678387957015427    3    3    1    1
 0.5972780070793258    3    3    2    2
 -0.08167022049805953    3    3    3    1
 0.7333264153786553    3    3    3    3
 0.1303054125927668    4    1    4    1
 0.02811816324506134    4    2    4    2
 -0.03495222148697498    4    3    4    1
 0.0449751521057104    4    3    4    3
 0.7114763876018663    4    4    1    1
 0.6127499874180046    4    4    2    2
 -0.04355960501879084    4    4    3    1
 0.6647978379768433    4    4    3    3
 0.763605696022834    4    4    4    4
 0.115890101779135    5    1    1    1
 0.0753490650554673    5    1    2    2
 0.01890131979533606    5    1    3    1
 0.07511960038566454    5    1    3    3
 0.1048829971790798    5    1    4    4
 0.04530964567339638    5    1    5    1
 -2.683185543224317e-15    5    2    1    1
 -0.01187910591282205    5    2    2    1
 -2.285213386535463e-15    5    2    2    2
 -0.00886248097269967    5    2    3    2
 -2.626961895011674e-15    5    2    3    3
 -2.756472482823117e-15    5    2    4    4
 0.0278012279344703    5    2    5    2
 0.06925947592475459    5    3    1    1
 0.042397783728534    5    3    2    2
 -0.009903728996668236    5    3    3    1
 0.07397516189336763    5    3    3    3
 0.06737220033657347    5    3    4    4
 0.0259550998816598    5    3    5    1
 0.02710578889424501    5    3    5    3
 0.02714760519756498    5    4    4    1
 0.0004767981418352938    5    4    4    3
 0.01300035720099625    5    4    5    4
 0.4011138888507326    5    5    1    1
 -2.518044500835909e-15    5    5    2    1
 0.3874943169665065    5    5    2    2
 0.03473155934197503    5    5    3    1
 0.3621615622200676    5    5    3    3
 0.3709631202529826    5    5    4    4
 0.02382062605752291    5    5    5    1
 1.208540415251781e-15    5    5    5    2
 0.002944102604516956    5    5    5    3
 0.3368629698401794    5    5    5    5
 -2.242193561345868e-15    6    1    1    1
 -0.04010733947574247    6    1    2    1
 -1.563166103680883e-15    6    1    2    2
 0.0145698956271171    6    1    3    2
 -1.481303261592909e-15    6    1    3    3
 -2.066273950318858e-15    6    1    4    4
 -0.01310399641014138    6    1    5    2
 0.0259526189677697    6    1    6    1
 -0.1324910379690763    6    2    1    1
 -0.1089447614722159    6    2    2    2
 0.03527312322663272    6    2    3    1
 -0.1295157047972779    6    2    3    3
 -0.1371143578088946    6    2    4    4
 -0.03915494571590308    6    2    5    1
 -0.03291311586262083    6    2    5    3
 -0.01028681438964574    6    2    5    5
 1.153686321987909e-15    6    2    6    1
 0.07122170265363252    6    2    6    2
 -1.353247023179793e-15    6    3    1    1
 0.03757333815649276    6    3    2    1
 -0.007269658142424232    6    3    3    2
 -1.342720626413102e-15    6    3    3    3
 -1.27705137656181e-15    6    3    4    4
 -0.01515754947541963    6    3    5    2
 -1.191840287358364e-15    6    3    5    5
 -0.007275862943424303    6    3    6    1
 0.02283801104179312    6    3    6    3
 -0.0127572927676333    6    4    4    2
 0.008276748017395618    6    4    6    4
 -0.05897104239413952    6    5    2    1
 -0.02265514128828562    6    5    3    2
 0.03610770796667398    6    5    5    2
 3.925021575406454e-15    6    5    5    5
 -0.004526268852190325    6    5    6    1
 -0.02833584121948036    6    5    6    3
 0.08979031738394889    6    5    6    5
 0.4003737306440516    6    6    1    1
 2.470882125788308e-15    6    6    2    1
 0.400873425730669    6    6    2    2
 0.009220821126477647    6    6    3    1
 0.3760207337867839    6    6    3    3
 0.3767460406071082    6    6    4    4
 0.01865948684400836    6    6    5    1
 -1.956611474178874e-15    6    6    5    2
 0.0007074640774222297    6    6    5    3
 0.3329614375006485    6    6    5    5
 -0.0205235969330264    6    6    6    2
 1.225050808303495e-15    6    6    6    3
 -3.656486317573889e-15    6    6    6    5
 0.3446512071637063    6    6    6    6
 -3.782681455402313e-15    7    1    1    1
 0.01417364102023762    7    1    2    1
 0.0325074238082084    7    1    3    2
 -2.445353957177779e-15    7    1    3    3
 -4.667117770366312e-15    7    1    4    4
 -1.997400354460023e-15    7    1    5    1
 -0.01069925479920044    7    1    5    2
 -1.397845317671098e-15    7    1    5    3
 -1.143431795609528e-15    7    1    5    5
 0.01328603509623127    7    1    6    1
 2.186150826216448e-15    7    1    6    2
 -0.0008552865853818445    7    1    6    3
 -0.01583039004770059    7    1    6    5
 0.03502983107575462    7    1    7    1
 0.01521078897022597    7    2    1    1
 3.408940114233996e-15    7    2    2    1
 0.03136254795481862    7    2    2    2
 0.06370026308333022    7    2    3    1
 1.97559571707864e-15    7    2    3    2
 -0.02360174251450499    7    2    3    3
 -0.02771092318410813    7    2    4    4
 -0.006279627035061131    7    2    5    1
 -1.159196156035743e-15    7    2    5    2
 -0.01856168943382356    7    2    5    3
 0.02930964607981486    7    2    5    5
 0.03649553882719753    7    2    6    2
 1.530942059454217e-15    7    2    6    3
 -2.738637800761074e-15    7    2    6    5
 0.01874477236042195    7    2    6    6
 4.715290668949717e-15    7    2    7    1
 0.0812620666553179    7    2    7    2
 -1.425170455376086e-15    7    3    1    1
 0.06883440804536865    7    3    2    1
 0.006083867570745577    7    3    3    2
 -2.136604483553144e-15    7    3    3    3
 -1.914414144996361e-15    7    3    4    4
 -1.406008057621911e-15    7    3    5    1
 -0.01734996232457997    7    3    5    2
 -1.104516205083554e-15    7    3    5    5
 -0.01180981588677859    7    3    6    1
 1.593166065274955e-15    7    3    6    2
 0.02589050895420441    7    3    6    3
 -0.03097768510045774    7    3    6    5
 1.79113634968596e-15    7    3    6    6
 0.01443303179690394    7    3    7    1
 5.052972480148378e-15    7    3    7    2
 0.04753679611388683    7    3    7    3
 -2.711002753139164e-15    7    4    4    1
 -0.01109413706913625    7    4    4    2
 0.005509111773583694    7    4    6    4
 0.008093660849886958    7    4    7    4
 -5.327738651011111e-15    7    5    1    1
 -0.001061525535831491    7    5    2    1
 -4.504642950516575e-15    7    5    2    2
 -1.031500501472286e-15    7    5    3    1
 -0.009224374976509665    7    5    3    2
 -3.892231659526449e-15    7    5    3    3
 -4.410138764749345e-15    7    5    4    4
 -1.365915777112888e-15    7    5    5    1
 -0.003484869965748949    7    5    5    2
 -2.137537062617828e-15    7    5    5    5
 -0.002399606978833588    7    5    6    1
 0.00283701913192498    7    5    6    3
 -0.01072127136822263    7    5    6    5
 -1.159942540758987e-15    7    5    6    6
 -0.01356811318144488    7    5    7    1
 -1.735800990718807e-15    7    5    7    2
 -0.00221820357211027    7    5    7    3
 0.01737309113694161    7    5    7    5
 0.08504370988046424    7    6    1    1
 1.178562573482849e-15    7    6    2    1
 0.08274311017752713    7    6    2    2
 -0.009714051372316302    7    6    3    1
 0.08652471668761909    7    6    3    3
 0.07919182333591629    7    6    4    4
 0.01121171187545878    7    6    5    1
 0.009515960948379835    7    6    5    3
 0.024043403565472    7    6    5    5
 -0.02378778731454284    7    6    6    2
 0.02762620167631785    7    6    6    6
 0.006854297475872026    7    6    7    2
 -2.285107357399195e-15    7    6    7    5
 0.02542042919839971    7    6    7    6
 0.4999400022824998    7    7    1    1
 1.259225994831115e-14    7    7    2    1
 0.5146872825996478    7    7    2    2
 0.0297309239283734    7    7    3    1
 6.133815269679225e-15    7    7    3    2
 0.4610299214841623    7    7    3    3
 0.4474139946129984    7    7    4    4
 0.02155508677545406    7    7    5    1
 -5.659645016065823e-15    7    7    5    2
 0.01042918975713837    7    7    5    3
 0.3542707955648486    7    7    5    5
 -0.02960584539543644    7    7    6    2
 3.712873054468438e-15    7    7    6    3
 -9.170578075256785e-15    7    7    6    5
 0.355188024064424    7    7    6    6
 9.661407792349022e-15    7    7    7    1
 0.07831117738912426    7    7    7    2
 1.139509607471571e-14    7    7    7    3
 -5.319493678374818e-15    7    7    7    5
 0.06396718097517627    7    7    7    6
 0.5107074787278293    7    7    7    7
 -0.06401359206223436    8    1    1    1
 -1.019574174989371e-15    8    1    2    1
 -0.01231006401359219    8    1    2    2
 -0.005416138103909996    8    1    3    1
 -1.803753070221065e-15    8    1    3    2
 -0.03794641149882565    8    1    3    3
 3.418058189057451e-15    8    1    4    1
 -1.145357990218003e-15    8    1    4    3
 -0.07793658151215062    8    1    4    4
 -0.04047500441256177    8    1    5    1
 1.188401796599543e-15    8    1    5    2
 -0.02565081374944433    8    1    5    3
 1.567563863940008e-15    8    1    5    4
 -0.007312993029464985    8    1    5    5
 0.03311071424986487    8    1    6    2
 1.066962975028084e-15    8    1    6    5
 0.0004973703213402998    8    1    6    6
 1.413841009257916e-15    8    1    7    1
 0.03921720516846657    8    1    7    2
 1.348922482851391e-15    8    1    7    3
 1.314423326550816e-15    8    1    7    5
 0.002524928487100732    8    1    7    6
 0.04185225394905016    8    1    7    7
 0.06186735908813361    8    1    8    1
 -1.375631181069318e-15    8    2    1    1
 0.06249157355288166    8    2    2    1
 -2.076474772824125e-15    8    2    2    2
 -3.508361399652887e-15    8    2    3    1
 0.03037977465515219    8    2    3    2
 1.069849208987263e-15    8    2    3    3
 1.215838389882063e-15    8    2    4    4
 -0.03129961421984002    8    2    5    2
 1.395258994400502e-15    8    2    5    3
 -3.41204075580709e-15    8    2    5    5
 0.006801821446780025    8    2    6    1
 -1.297347046971605e-15    8    2    6    2
 0.0220508508318179    8    2    6    3
 -0.041082227031985    8    2    6    5
 0.04174312187548308    8    2    7    1
 0.04910855597890088    8    2    7    3
 -0.01424260483842475    8    2    7    5
 9.43214036241051e-15    8    2    7    7
 -4.557446121312716e-15    8    2    8    1
 0.08466736782254261    8    2    8    2
 -0.0511754563645714    8    3    1    1
 -3.805369166268924e-15    8    3    2    1
 -0.01345784314355765    8    3    2    2
 0.01878774603666403    8    3    3    1
 -0.06629580306270465    8    3    3    3
 -1.418275856519646e-15    8    3    4    1
 1.175643488631457e-15    8    3    4    3
 -0.06096517812505898    8    3    4    4
 -0.02749094176210152    8    3    5    1
 1.534144668730907e-15    8    3    5    2
 -0.02467749943565921    8    3    5    3
 -0.003245962861828702    8    3    5    5
 1.18409875818507e-15    8    3    6    1
 0.03310827816404364    8    3    6    2
 1.649728512379049e-15    8    3    6    5
 -0.001750993455794277    8    3    6    6
 1.768607388888206e-15    8    3    7    1
 0.03959883234722503    8    3    7    2
 -2.711253266524834e-05    8    3    7    6
 0.0361791219731    8    3    7    7
 0.0435672798210506    8    3    8    1
 -4.831893875429655e-15    8    3    8    2
 0.04433978035720556    8    3    8    3
 1.619061231068866e-14    8    4    1    1
 1.202343761344139e-14    8    4    2    2
 -2.066051276523264e-15    8    4    3    1
 1.461967079810206e-14    8    4    3    3
 -0.0466271892964904    8    4    4    1
 0.002670119797383554    8    4    4    3
 1.773331255557608e-14    8    4    4    4
 5.075313501575046e-15    8    4    5    1
 2.82017776149735e-15    8    4    5    3
 -0.01268882419078718    8    4    5    4
 3.73482702415433e-15    8    4    5    5
 -6.012471548963319e-15    8    4    6    2
 4.484383517357707e-15    8    4    6    6
 -1.582030214785766e-15    8    4    7    2
 2.435181924390849e-15    8    4    7    6
 4.1099510550979e-15    8    4    7    7
 -5.324511324198689e-15    8    4    8    1
 -3.77530639068701e-15    8    4    8    3
 0.02313044969574947    8    4    8    4
 -0.128174635913688    8    5    1    1
 -0.1106402559349883    8    5    2    2
 -0.01889238008168942    8    5    3    1
 -0.09960664154673837    8    5    3    3
 3.421388279381875e-15    8    5    4    1
 -0.1081184533168019    8    5    4    4
 -0.02961393794409558    8    5    5    1
 -0.01721380342660997    8    5    5    3
 -0.04280400517696808    8    5    5    5
 0.02455839662828296    8    5    6    2
 -0.04034145847655127    8    5    6    6
 1.518812739877756e-15    8    5    7    1
 -0.02119447535954856    8    5    7    2
 -0.0256028417663359    8    5    7    6
 -0.08184119217796869    8    5    7    7
 0.01018888071390062    8    5    8    1
 2.234104889074869e-15    8    5    8    2
 0.005578102493924377    8    5    8    3
 -5.697790349072326e-15    8    5    8    4
 0.04545010930190511    8    5    8    5
 -1.67923391126435e-15    8    6    1    1
 0.02133387274229829    8    6    2    1
 -1.970812514980184e-15    8    6    2    2
 0.01110063071695101    8    6    3    2
 -2.318029695063917e-15    8    6    3    3
 -1.77298245982743e-15    8    6    4    4
 -0.002287412177699202    8    6    5    2
 -0.001754456927300971    8    6    6    1
 0.002760878333913072    8    6    6    3
 -0.002033733746866825    8    6    6    5
 0.01217621670365959    8    6    7    1
 1.119488856707942e-15    8    6    7    2
 0.01329263151982868    8    6    7    3
 -0.0116716431935447    8    6    7    5
 2.054947941951518e-15    8    6    7    7
 -1.223540186774933e-15    8    6    8    1
 0.02050628441985305    8    6    8    2
 1.308423607665181e-15    8    6    8    5
 0.01450365886772439    8    6    8    6
 3.760567461886769e-15    8    7    1    1
 0.1120585358001019    8    7    2    1
 2.905759505771576e-15    8    7    2    2
 2.882305021317615e-15    8    7    3    1
 0.05163574665325246    8    7    3    2
 1.308183057822409e-15    8    7    3    3
 2.548979978307442e-15    8    7    4    4
 1.381826024933591e-15    8    7    5    1
 -0.04454263877101645    8    7    5    2
 -1.415851266075103e-15    8    7    5    5
 0.003546206637417778    8    7    6    1
 0.03463830965052783    8    7    6    3
 -0.07974369738406149    8    7    6    5
 5.154280912725696e-15    8    7    6    6
 0.06120056776532378    8    7    7    1
 9.169520917564905e-15    8    7    7    2
 0.0783695087312303    8    7    7    3
 -0.01644738973529631    8    7    7    5
 2.043612298270297e-15    8    7    7    6
 2.394937454351953e-14    8    7    7    7
 -4.222156071960506e-15    8    7    8    1
 0.1206223772492957    8    7    8    2
 -4.550904327508091e-15    8    7    8    3
 0.03227405661250794    8    7    8    6
 0.195054464957088    8    7    8    7
 0.5796842864051708    8    8    1    1
 -1.271804335645397e-14    8    8    2    1
 0.5705089919279521    8    8    2    2
 0.07409352684407436    8    8    3    1
 -5.63213760674671e-15    8    8    3    2
 0.496476318415184    8    8    3    3
 -2.258465854217679e-15    8    8    4    1
 0.5045154165522273    8    8    4    4
 0.05032865461755489    8    8    5    1
 4.179270460176162e-15    8    8    5    2
 0.01534036706422338    8    8    5    3
 -1.832689574380822e-15    8    8    5    4
 0.3915088524144981    8    8    5    5
 -1.431645134980137e-15    8    8    6    1
 -0.03441335285470506    8    8    6    2
 -4.08336607482487e-15    8    8    6    3
 8.545745175628406e-15    8    8    6    5
 0.3825608550385995    8    8    6    6
 -5.355865465130756e-15    8    8    7    1
 0.1106372545033841    8    8    7    2
 -6.321620975887479e-15    8    8    7    3
 -2.813689260096403e-15    8    8    7    5
 0.07090890993442545    8    8    7    6
 0.5415406540757775    8    8    7    7
 0.02492648481653422    8    8    8    1
 -1.990944745013705e-14    8    8    8    2
 0.02620923433947248    8    8    8    3
 8.721861057721572e-15    8    8    8    4
 -0.1121544209078153    8    8    8    5
 -5.036501296925879e-15    8    8    8    6
 -1.705507955047487e-14    8    8    8    7
 0.6245099381467654    8    8    8    8
 -5.485859431605033e-15    9    1    1    1
 -1.022078428490335e-15    9    1    2    2
 -3.244502906397293e-15    9    1    3    3
 -0.03969829546738411    9    1    4    1
 0.01282048901976993    9    1    4    3
 -6.744236152302618e-15    9    1    4    4
 -3.483548254765137e-15    9    1    5    1
 -2.217878260927875e-15    9    1    5    3
 -0.0180518253377369    9    1    5    4
 2.849099481713229e-15    9    1    6    2
 3.402863817337824e-15    9    1    7    2
 1.007788202183146e-15    9    1    7    4
 3.653469050647072e-15    9    1    7    7
 2.092179607625126e-15    9    1    8    1
 4.592783124258723e-15    9    1    8    3
 0.01479701908047726    9    1    8    4
 5.095251565597155e-15    9    1    8    8
 0.03772378671590789    9    1    9    1
 5.445584286633476e-15    9    2    2    1
 2.639971386876899e-15    9    2    3    2
 -0.005844011121327868    9    2    4    2
 -2.715053140633426e-15    9    2    5    2
 1.916367481937915e-15    9    2    6    3
 0.006919495709636373    9    2    6    4
 -3.567271264537642e-15    9    2    6    5
 3.627967770492088e-15    9    2    7    1
 4.272470722561374e-15    9    2    7    3
 0.0006756629255300131    9    2    7    4
 -1.235341994041422e-15    9    2    7    5
 6.248587527391969e-15    9    2    8    2
 2.065704009375337e-15    9    2    8    6
 1.102704332946234e-14    9    2    8    7
 0.01286225529762011    9    2    9    2
 -4.592555568983893e-15    9    3    1    1
 -1.295193043925509e-15    9    3    2    2
 1.639782581112159e-15    9    3    3    1
 -5.903745673597595e-15    9    3    3    3
 0.01584892306964986    9    3    4    1
 -0.01373058766996557    9    3    4    3
 -5.43550626545696e-15    9    3    4    4
 -2.399889374199212e-15    9    3    5    1
 -2.146669923377767e-15    9    3    5    3
 0.001130255774619173    9    3    5    4
 2.887748535326594e-15    9    3    6    2
 3.437928769391627e-15    9    3    7    2
 3.030389681001961e-15    9    3    7    7
 4.606196121157923e-15    9    3    8    1
 2.238471453458832e-15    9    3    8    3
 0.0005161245254544571    9    3    8    4
 2.42618503746183e-15    9    3    8    8
 -0.00939431933604659    9    3    9    1
 0.01866403641813995    9    3    9    3
 -0.1888205731470051    9    4    1    1
 -0.1408051803576989    9    4    2    2
 0.02327402607342263    9    4    3    1
 -0.1703596457913145    9    4    3    3
 -4.078598940577007e-15    9    4    4    1
 -0.2068422171806168    9    4    4    4
 -0.05878164339678484    9    4    5    1
 1.321287498873743e-15    9    4    5    2
 -0.03272122253213554    9    4    5    3
 -1.095062669234117e-15    9    4    5    4
 -0.04437279533680382    9    4    5    5
 1.193403476341687e-15    9    4    6    1
 0.06961352910947824    9    4    6    2
 -0.05302780441834042    9    4    6    6
 3.007258556883423e-15    9    4    7    1
 0.01792428938149591    9    4    7    2
 1.310314403405913e-15    9    4    7    3
 2.182659867151808e-15    9    4    7    5
 -0.02839804130211778    9    4    7    6
 -0.04927597046584795    9    4    7    7
 0.04666681615399427    9    4    8    1
 0.0431365313212589    9    4    8    3
 -1.172039514855094e-14    9    4    8    4
 0.04921474941963511    9    4    8    5
 -2.121124048497442e-15    9    4    8    7
 -0.09040622565541276    9    4    8    8
 5.30632910987122e-15    9    4    9    1
 3.799531073997267e-15    9    4    9    3
 0.1590750029661611    9    4    9    4
 -1.099011215206246e-14    9    5    1    1
 -9.493856264727461e-15    9    5    2    2
 -1.629084442387442e-15    9    5    3    1
 -8.54669248960627e-15    9    5    3    3
 -0.03945634371488928    9    5    4    1
 0.005361775888230199    9    5    4    3
 -9.302495610194116e-15    9    5    4    4
 -2.549633992118603e-15    9    5    5    1
 -1.503792793617504e-15    9    5    5    3
 -0.005055848026601    9    5    5    4
 -3.61459960743485e-15    9    5    5    5
 2.131109301304035e-15    9    5    6    2
 -3.406871777106812e-15    9    5    6    6
 -1.814758775877263e-15    9    5    7    2
 -2.217906828491794e-15    9    5    7    6
 -7.020051091934822e-15    9    5    7    7
 0.01704862133754447    9    5    8    4
 2.22956143922824e-15    9    5    8    5
 -9.273473758715681e-15    9    5    8    8
 0.007228843272750363    9    5    9    1
 -0.001277432609888879    9    5    9    3
 5.726042587686648e-15    9    5    9    4
 0.0196803107694381    9    5    9    5
 1.829002264275481e-15    9    6    2    1
 0.009992636716759989    9    6    4    2
 -0.003569620544283602    9    6    6    4
 1.050968570755776e-15    9    6    7    1
 1.140178549530872e-15    9    6    7    3
 -0.003261692656480544    9    6    7    4
 -1.017325895089228e-15    9    6    7    5
 2.048505821828914e-15    9    6    8    2
 2.749738562296833e-15    9    6    8    7
 -0.003246992194616748    9    6    9    2
 0.00659589958358587    9    6    9    6
 9.735834666381252e-15    9    7    2    1
 4.491474947693956e-15    9    7    3    2
 1.203466713370596e-15    9    7    4    1
 -0.001414548065856799    9    7    4    2
 -3.867352864423892e-15    9    7    5    2
 3.005932176877105e-15    9    7    6    3
 -0.001204154464742155    9    7    6    4
 -6.92892700599097e-15    9    7    6    5
 5.326226897893623e-15    9    7    7    1
 6.807444576906151e-15    9    7    7    3
 0.00441098977056963    9    7    7    4
 -1.43753302778519e-15    9    7    7    5
 1.10257331040421e-14    9    7    8    2
 2.779143157198399e-15    9    7    8    6
 1.629668071176613e-14    9    7    8    7
 -1.056886526464583e-15    9    7    9    1
 -0.006218503228785784    9    7    9    2
 0.0003068523674138486    9    7    9    6
 0.00765009979070483    9    7    9    7
 -2.415271509536016e-15    9    8    1    1
 3.077244783348498e-15    9    8    2    2
 9.289801186610284e-15    9    8    3    1
 -6.93260356200549e-15    9    8    3    3
 0.01264386726417055    9    8    4    1
 0.004395038703593103    9    8    4    3
 -1.263969356447483e-14    9    8    4    4
 -2.583881382948952e-15    9    8    5    1
 -3.325716457592129e-15    9    8    5    3
 0.0103628219925037    9    8    5    4
 3.982653464639824e-15    9    8    5    5
 6.354197872168203e-15    9    8    6    2
 2.990704778367139e-15    9    8    6    6
 1.163369755536532e-14    9    8    7    2
 1.179935454768399e-14    9    8    7    7
 9.048906559137286e-15    9    8    8    1
 6.833883266105992e-15    9    8    8    3
 -0.006228128964328327    9    8    8    4
 -2.107947582392679e-15    9    8    8    5
 1.257938137238273e-14    9    8    8    8
 -0.01678378970672309    9    8    9    1
 -0.001529354111254727    9    8    9    3
 5.799294040446873e-15    9    8    9    4
 -0.001971393714240719    9    8    9    5
 0.0136891190135364    9    8    9    8
 0.610435034349011    9    9    1    1
 0.5379492807744145    9    9    2    2
 -0.0328269007922306    9    9    3    1
 0.5791196475150221    9    9    3    3
 2.162323033483256e-15    9    9    4    1
 0.6532462765549113    9    9    4    4
 0.0802189587826459    9    9    5    1
 -2.212007952544677e-15    9    9    5    2
 0.05373380410816184    9    9    5    3
 1.723748272671366e-15    9    9    5    4
 0.3477697618979664    9    9    5    5
 -1.548821579701844e-15    9    9    6    1
 -0.107837242332405    9    9    6    2
 -1.014655217224077e-15    9    9    6    3
 0.3502476864393049    9    9    6    6
 -3.83982275482117e-15    9    9    7    1
 -0.02317208533104304    9    9    7    2
 -1.480577294291168e-15    9    9    7    3
 -3.735467685242434e-15    9    9    7    5
 0.06289777372130748    9    9    7    6
 0.4082735141394334    9    9    7    7
 -0.06257101198671275    9    9    8    1
 1.097668504341887e-15    9    9    8    2
 -0.05096320634672571    9    9    8    3
 1.298500872263204e-14    9    9    8    4
 -0.08621605604790653    9    9    8    5
 -1.470270151348332e-15    9    9    8    6
 2.150131199085001e-15    9    9    8    7
 0.4552268847309262    9    9    8    8
 -8.316978342171901e-15    9    9    9    1
 -4.830889412713996e-15    9    9    9    3
 -0.1637644753520071    9    9    9    4
 -7.710970426674396e-15    9    9    9    5
 -9.593664966226622e-15    9    9    9    8
 0.5960154060832432    9    9    9    9
 0.008977202522200753   10    1    1    1
 0.00735017807972527   10    1    2    2
 -0.03164678246754637   10    1    3    1
 0.03873009040828322   10    1    3    3
 0.02900996265591628   10    1    4    4
 -0.005835217114276161   10    1    5    1
 -0.004915104871634034   10    1    5    3
 -0.0002054132083894618   10    1    5    5
 -0.008108132974023489   10    1    6    2
 0.008810489066199455   10    1    6    6
 -0.01086611314684461   10    1    7    2
 0.003792204752062323   10    1    7    6
 -0.005768333919724487   10    1    7    7
 0.004488593869271399   10    1    8    1
 -0.006624077547380509   10    1    8    3
 1.526628002943856e-15   10    1    8    4
 0.006868074931622838   10    1    8    5
 -0.01048555307809314   10    1    8    8
 -0.01742672997739486   10    1    9    4
 -2.831431848917291e-15   10    1    9    8
 0.0220527028858298   10    1    9    9
 0.03005684780055046   10    1   10    1
 4.359667172978532e-15   10    2    1    1
 -0.01314945282359507   10    2    2    1
 3.503489909113812e-15   10    2    2    2
 -0.0141355459061086   10    2    3    2
 3.610012016917659e-15   10    2    3    3
 4.025983309359938e-15   10    2    4    4
 1.369794368296661e-15   10    2    5    1
 0.005857492100200001   10    2    5    2
 1.359595136884293e-15   10    2    5    5
 -0.002030298368458301   10    2    6    1
 -1.796856853842383e-15   10    2    6    2
 0.002103467139163156   10    2    6    3
 0.009535262838467718   10    2    6    5
 -0.008539525126184533   10    2    7    1
 -1.130591533482889e-15   10    2    7    2
 -0.008701990570524376   10    2    7    3
 -0.001559395401092496   10    2    7    5
 -1.836986956227008e-15   10    2    7    7
 -0.01458318668339768   10    2    8    2
 -1.027006147276738e-15   10    2    8    5
 -0.005121985668928243   10    2    8    6
 -0.02637746345744634   10    2    8    7
 5.136521452160631e-15   10    2    8    8
 -1.26418059491938e-15   10    2    9    2
 -2.864927956493165e-15   10    2    9    4
 -2.295748251489094e-15   10    2    9    7
 3.367730157884929e-15   10    2    9    9
 0.01598390566102011   10    2   10    2
 -0.1590932692240704   10    3    1    1
 -0.1294208827907149   10    3    2    2
 0.03509394710246399   10    3    3    1
 -0.1739824610646286   10    3    3    3
 -0.1616951151335251   10    3    4    4
 -0.04194159665697925   10    3    5    1
 1.034634361106911e-15   10    3    5    2
 -0.02815072045908343   10    3    5    3
 -0.03744904233603558   10    3    5    5
 0.05951373859255923   10    3    6    2
 -0.05056064651157968   10    3    6    6
 1.894991562860265e-15   10    3    7    1
 0.01313214597922718   10    3    7    2
 1.13076199736408e-15   10    3    7    3
 1.882259329870158e-15   10    3    7    5
 -0.02485033592687706   10    3    7    6
 -0.05127707609417994   10    3    7    7
 0.02543565654904759   10    3    8    1
 0.04190999985275301   10    3    8    3
 -9.481335897404093e-15   10    3    8    4
 0.04188106847471133   10    3    8    5
 -1.64331047544792e-15   10    3    8    7
 -0.08764557583614094   10    3    8    8
 2.170945059108133e-15   10    3    9    1
 3.654000234449242e-15   10    3    9    3
 0.1097864062143001   10    3    9    4
 3.601575609007259e-15   10    3    9    5
 3.825427244452675e-15   10    3    9    8
 -0.131995228106584   10    3    9    9
 -0.02749961695458775   10    3   10    1
 -2.804697620581361e-15   10    3   10    2
 0.1332506385272832   10    3   10    3
 0.02002935879843877   10    4    4    1
 -0.01399199898928891   10    4    4    3
 0.002942878596861309   10    4    5    4
 -1.599735842676704e-15   10    4    8    3
 -0.002117124511216336   10    4    8    4
 -0.01077855668344764   10    4    9    1
 0.01886441376183917   10    4    9    3
 -0.001579665061762395   10    4    9    5
 -0.001638456774355594   10    4    9    8
 0.01994747161608794   10    4   10    4
 -0.0445091325524639   10    5    1    1
 1.250818232426134e-15   10    5    2    1
 -0.02774900901295665   10    5    2    2
 -0.02449421784257299   10    5    3    1
 -0.023442393109728   10    5    3    3
 -0.02995617320261459   10    5    4    4
 -0.01662457887277832   10    5    5    1
 -0.001381702084445213   10    5    5    3
 -0.02441165325920197   10    5    5    5
 0.004681623301293995   10    5    6    2
 -0.01869184048248856   10    5    6    6
 -0.01083049957149327   10    5    7    2
 -0.001648628883623829   10    5    7    6
 -0.0077680691789204   10    5    7    7
 0.01490490899583838   10    5    8    1
 0.01260083024799594   10    5    8    3
 -1.945196747961009e-15   10    5    8    4
 0.01053640338573949   10    5    8    5
 -0.03497578183723958   10    5    8    8
 1.300443952218952e-15   10    5    9    1
 1.09125678631118e-15   10    5    9    3
 0.02278308853542958   10    5    9    4
 -0.02616607356499157   10    5    9    9
 -0.003274969901426735   10    5   10    1
 -1.114097768890227e-15   10    5   10    2
 0.02508577946857627   10    5   10    3
 0.02304552331619113   10    5   10    5
 -1.919414794445614e-15   10    6    1    1
 -0.00259661225621034   10    6    2    1
 -1.92735403101556e-15   10    6    2    2
 0.007907150604154419   10    6    3    2
 -1.655394022640838e-15   10    6    3    3
 -2.053339583266873e-15   10    6    4    4
 -0.001037232613462758   10    6    5    2
 0.003734685265390814   10    6    6    1
 1.017446252703646e-15   10    6    6    2
 -0.002960079876295435   10    6    6    3
 -0.003459819304185353   10    6    6    5
 0.002630536468041352   10    6    7    1
 -0.001001577566157612   10    6    7    3
 0.001226136310109642   10    6    7    5
 -0.001247641921413312   10    6    8    2
 -7.761066471971843e-05   10    6    8    6
 0.001608711569372223   10    6    8    7
 -1.018382352613347e-15   10    6    8    8
 1.078350753952422e-15   10    6    9    4
 -1.860808555176241e-15   10    6    9    9
 -0.005648422276807958   10    6   10    2
 1.189511581923676e-15   10    6   10    3
 0.006250967741788432   10    6   10    6
 -0.008281828648584424   10    7    2    1
 -0.008334009082564956   10    7    3    2
 1.173417383417871e-15   10    7    3    3
 1.25176480738898e-15   10    7    4    4
 -0.001068646545364696   10    7    5    2
 -0.0006664336504427965   10    7    6    1
 -0.0002207741495463181   10    7    6    3
 0.002550075104238156   10    7    6    5
 -0.01331621656079579   10    7    7    1
 -2.201196728801173e-15   10    7    7    2
 -0.002014965703304946   10    7    7    3
 0.01117773658629479   10    7    7    5
 -3.218872337945587e-15   10    7    7    7
 -0.01593785578399381   10    7    8    2
 -0.005282010468735331   10    7    8    6
 -0.0212522060000486   10    7    8    7
 1.369942355573617e-15   10    7    8    8
 -1.389011951688874e-15   10    7    9    2
 -1.851652709345656e-15   10    7    9    7
 1.417375293134469e-15   10    7    9    9
 -0.004146592212682991   10    7   10    2
 0.004334561890477647   10    7   10    6
 0.01647205364887493   10    7   10    7
 0.05471467102893668   10    8    1    1
 0.02781379641447488   10    8    2    2
 -0.01873603870073975   10    8    3    1
 0.06843596906386586   10    8    3    3
 1.947461335910304e-15   10    8    4    1
 -2.721492488065798e-15   10    8    4    3
 0.06205984428145381   10    8    4    4
 0.02418236800405422   10    8    5    1
 0.02373345844554578   10    8    5    3
 0.003395878775876589   10    8    5    5
 -0.03139805694740128   10    8    6    2
 0.005135395629970324   10    8    6    6
 -1.071719847231515e-15   10    8    7    1
 -0.0292440635359994   10    8    7    2
 -1.385999609140654e-15   10    8    7    3
 -1.253999523457524e-15   10    8    7    5
 0.005853853363515555   10    8    7    6
 -0.01217258431193486   10    8    7    7
 -0.031869495928357   10    8    8    1
 2.569903393327181e-15   10    8    8    2
 -0.03286220475199693   10    8    8    3
 3.740660501676416e-15   10    8    8    4
 -0.01315134809202809   10    8    8    5
 1.294625293105814e-15   10    8    8    7
 -0.00602352559710831   10    8    8    8
 -3.512808026630077e-15   10    8    9    1
 -2.227348020387737e-15   10    8    9    3
 -0.04359404722996603   10    8    9    4
 -1.470690414140341e-15   10    8    9    5
 -5.472816911798273e-15   10    8    9    8
 0.05377161794611635   10    8    9    9
 0.002100137432709644   10    8   10    1
 1.256830629883357e-15   10    8   10    2
 -0.04309830000936664   10    8   10    3
 -0.00666111448467688   10    8   10    5
 0.03283004050675688   10    8   10    8
 4.882670183387527e-15   10    9    1    1
 2.515105911880711e-15   10    9    2    2
 -1.64420430490353e-15   10    9    3    1
 6.039705052566679e-15   10    9    3    3
 -0.02225106633651545   10    9    4    1
 0.03166165687713782   10    9    4    3
 5.525881493401743e-15   10    9    4    4
 2.134120642092698e-15   10    9    5    1
 2.064272047893615e-15   10    9    5    3
 0.001118787859942818   10    9    5    4
 -2.756025992442029e-15   10    9    6    2
 -2.550658214665431e-15   10    9    7    2
 -1.009962986984908e-15   10    9    7    7
 -3.544894980677042e-15   10    9    8    1
 -2.236274381949781e-15   10    9    8    3
 0.000367120821570466   10    9    8    4
 -1.495714901913201e-15   10    9    8    5
 -1.030197645539988e-15   10    9    8    8
 0.008621421921941609   10    9    9    1
 -0.007248995240428734   10    9    9    3
 -3.816344609963175e-15   10    9    9    4
 0.003832488096078206   10    9    9    5
 0.003349144875669061   10    9    9    8
 5.36271875135115e-15   10    9    9    9
 -3.806264393239298e-15   10    9   10    3
 -0.00671224679962512   10    9   10    4
 0.03051190443402164   10    9   10    9
 0.5694836249866901   10   10    1    1
 1.815082662570206e-15   10   10    2    1
 0.5150402246711132   10   10    2    2
 -0.06755207497871707   10   10    3    1
 -1.380394484425099e-15   10   10    3    2
 0.6250363697918695   10   10    3    3
 0.5771527466986681   10   10    4    4
 0.05836197217590928   10   10    5    1
 -2.798989325083893e-15   10   10    5    2
 0.06286885594988434   10   10    5    3
 0.332324605298726   10   10    5    5
 -1.87692718314614e-15   10   10    6    1
 -0.1060394683733425   10   10    6    2
 0.3386531035552475   10   10    6    6
 -3.192054968874355e-15   10   10    7    1
 -0.02952614090961661   10   10    7    2
 -2.355179456456433e-15   10   10    7    5
 0.06870077844774225   10   10    7    6
 0.4075249763118448   10   10    7    7
 -0.03740927460882611   10   10    8    1
 2.071802987926803e-15   10   10    8    2
 -0.05698195751912104   10   10    8    3
 1.156711574837745e-14   10   10    8    4
 -0.07690070993519203   10   10    8    5
 -2.085459841794632e-15   10   10    8    6
 1.521018989187275e-15   10   10    8    7
 0.4307290909922482   10   10    8    8
 -3.197095000625384e-15   10   10    9    1
 -5.091037070987702e-15   10   10    9    3
 -0.1349222445306334   10   10    9    4
 -6.591024937565002e-15   10   10    9    5
 -7.830739193799407e-15   10   10    9    8
 0.5234936115116023   10   10    9    9
 0.02551814560580242   10   10   10    1
 2.814134433215968e-15   10   10   10    2
 -0.1261286088539935   10   10   10    3
 -0.01299475576069387   10   10   10    5
 -1.619221247570547e-15   10   10   10    6
 1.978435300646048e-15   10   10   10    7
 0.06093258544229672   10   10   10    8
 5.394360266584791e-15   10   10   10    9
 0.5764345719518269   10   10   10   10
 1.395755714486626e-15   11    1    1    1
 -0.02648136013201325   11    1    2    1
 0.01131944493313595   11    1    3    2
 1.945885656800942e-15   11    1    3    3
 1.843468391401519e-15   11    1    4    4
 -0.02037495041168916   11    1    5    2
 0.02379405287449788   11    1    6    1
 -0.001804070271549142   11    1    6    3
 -0.003536072629687461   11    1    6    5
 0.01154415002793251   11    1    7    1
 0.001681873663654641   11    1    7    3
 0.002737612032182504   11    1    7    5
 1.798619634035457e-15   11    1    7    7
 0.02044120088062842   11    1    8    2
 -0.002082316557453632   11    1    8    6
 0.01767593615078636   11    1    8    7
 -1.985245914175677e-15   11    1    8    8
 1.771083300658291e-15   11    1    9    2
 -1.253098104555772e-15   11    1    9    4
 1.531525134474984e-15   11    1    9    7
 1.464782637598592e-15   11    1    9    9
 -0.009761942228105669   11    1   10    2
 -1.100926726433412e-15   11    1   10    3
 0.005248870151780901   11    1   10    6
 0.005996232857180052   11    1   10    7
 1.488354141813307e-15   11    1   10   10
 0.03971065559748943   11    1   11    1
 -0.1322856593529071   11    2    1    1
 -0.09837699932217397   11    2    2    2
 0.02093107127999144   11    2    3    1
 -0.1193853583962458   11    2    3    3
 -0.1341422638527412   11    2    4    4
 -0.04940048856283478   11    2    5    1
 1.521372707865296e-15   11    2    5    2
 -0.02759078036196515   11    2    5    3
 -0.02333881497361306   11    2    5    5
 0.06728448506401224   11    2    6    2
 -0.03650137832081395   11    2    6    6
 2.657943565516351e-15   11    2    7    1
 0.0303760077662537   11    2    7    2
 1.26223906641525e-15   11    2    7    3
 1.071751276136405e-15   11    2    7    5
 -0.01768657153487698   11    2    7    6
 -0.003587016019225467   11    2    7    7
 0.04857944120381254   11    2    8    1
 -2.170671736048536e-15   11    2    8    2
 0.04476994585608002   11    2    8    3
 -8.545548888581212e-15   11    2    8    4
 0.02733201254575915   11    2    8    5
 -2.559942962452894e-15   11    2    8    7
 -0.03314571757040568   11    2    8    8
 4.192247962752144e-15   11    2    9    1
 3.897784512876565e-15   11    2    9    3
 0.09885276890530927   11    2    9    4
 2.345898892719576e-15   11    2    9    5
 6.773439103565604e-15   11    2    9    8
 -0.1113154287804392   11    2    9    9
 -0.01623441434515183   11    2   10    1
 -2.380298092177938e-15   11    2   10    2
 0.08398305139060278   11    2   10    3
 0.02259113379814442   11    2   10    5
 -0.0399356485793973   11    2   10    8
 -3.508784108975079e-15   11    2   10    9
 -0.09676224425514257   11    2   10   10
 -1.558409637630389e-15   11    2   11    1
 0.1073697034411999   11    2   11    2
 -4.36148535482433e-15   11    3    1    1
 0.01507367517670079   11    3    2    1
 -3.57105579183226e-15   11    3    2    2
 -0.005680327399845623   11    3    3    2
 -4.762179245419164e-15   11    3    3    3
 -4.382180203880743e-15   11    3    4    4
 -1.136480176017593e-15   11    3    5    1
 -0.001815649504534933   11    3    5    2
 -1.020787701575232e-15   11    3    5    5
 -0.004447861320710706   11    3    6    1
 1.618264471237725e-15   11    3    6    2
 0.009098381755524179   11    3    6    3
 -0.002539978757249948   11    3    6    5
 -1.330890206230789e-15   11    3    6    6
 0.00402895746993393   11    3    7    1
 0.007777166751824221   11    3    7    3
 -0.006452699423733704   11    3    7    5
 0.01365258247334991   11    3    8    2
 1.503839759546917e-15   11    3    8    5
 0.002663198603634128   11    3    8    6
 0.01406118450706289   11    3    8    7
 -4.174266951310809e-15   11    3    8    8
 1.186518990166248e-15   11    3    9    2
 2.963292409996331e-15   11    3    9    4
 1.226304791523072e-15   11    3    9    7
 -3.515393791109086e-15   11    3    9    9
 0.01160267357222296   11    3   10    2
 3.189647483070775e-15   11    3   10    3
 -0.00874777120229389   11    3   10    6
 -0.01190072396236636   11    3   10    7
 -3.111075475056228e-15   11    3   10   10
 -0.00858309622616696   11    3   11    1
 2.535405300200983e-15   11    3   11    2
 0.01938554056035572   11    3   11    3
 -0.008690939948072286   11    4    4    2
 0.00757150174900115   11    4    6    4
 0.0006719066779970781   11    4    7    4
 -1.239596238953966e-15   11    4    8    2
 0.0142348683062406   11    4    9    2
 -0.005966255754468235   11    4    9    6
 -0.007406386829484046   11    4    9    7
 0.01704949903434485   11    4   11    4
 2.073152559374865e-15   11    5    1    1
 -0.03909089614381514   11    5    2    1
 1.881701357401254e-15   11    5    2    2
 -0.001207428254083471   11    5    3    2
 1.972760743007484e-15   11    5    3    3
 2.118149029252532e-15   11    5    4    4
 8.021577058119651e-05   11    5    5    2
 0.0134678795173333   11    5    6    1
 -0.006191947800550506   11    5    6    3
 0.003013580882248608   11    5    6    5
 0.0008620939203528296   11    5    7    1
 -0.01818235858293534   11    5    7    3
 -0.0003429679990648211   11    5    7    5
 -1.457870262767621e-15   11    5    7    7
 -0.01199203844761968   11    5    8    2
 1.049451276193049e-15   11    5    8    3
 -0.009813713638665801   11    5    8    6
 -0.02421071068492144   11    5    8    7
 3.616071474833074e-15   11    5    8    8
 -1.052403160130797e-15   11    5    9    2
 -2.097186869439776e-15   11    5    9    7
 1.841559936513953e-15   11    5    9    9
 0.00823716466696248   11    5   10    2
 -0.0001072062250889242   11    5   10    6
 -0.003755872194235074   11    5   10    7
 1.137770978127759e-15   11    5   10   10
 0.006904340526675419   11    5   11    1
 0.0008423771379281348   11    5   11    3
 0.02067007805436152   11    5   11    5
 0.1432342190727612   11    6    1    1
 0.1264428602971625   11    6    2    2
 -0.01007283148817682   11    6    3    1
 0.1255342518019857   11    6    3    3
 0.1367345705317847   11    6    4    4
 0.03572076069338509   11    6    5    1
 -1.027725428337772e-15   11    6    5    2
 0.02268673756084334   11    6    5    3
 0.03295068672911415   11    6    5    5
 -0.05285390169672461   11    6    6    2
 0.03826086253729277   11    6    6    6
 -1.386775510095304e-15   11    6    7    1
 -0.007116482664156494   11    6    7    2
 -1.764266237271903e-15   11    6    7    5
 0.02666592309673525   11    6    7    6
 0.06105336709303912   11    6    7    7
 -0.0220546721067667   11    6    8    1
 -0.02068310533945044   11    6    8    3
 6.094557320728205e-15   11    6    8    4
 -0.03743121450262405   11    6    8    5
 1.685636203370429e-15   11    6    8    7
 0.08363438057417187   11    6    8    8
 -1.893800079387743e-15   11    6    9    1
 -1.808990031712614e-15   11    6    9    3
 -0.07071430081235063   11    6    9    4
 -3.23242979408958e-15   11    6    9    5
 -2.727023363391532e-15   11    6    9    8
 0.1153985913933222   11    6    9    9
 0.008423060157544118   11    6   10    1
 1.576111180741734e-15   11    6   10    2
 -0.06428986452320096   11    6   10    3
 -0.01192842763256096   11    6   10    5
 0.02394648972490472   11    6   10    8
 2.117099656359729e-15   11    6   10    9
 0.1028609763667752   11    6   10   10
 -0.06387953531417721   11    6   11    2
 -2.024334993704755e-15   11    6   11    3
 0.059952233470026   11    6   11    6
 0.04964489180559938   11    7    1    1
 3.145138750305996e-15   11    7    2    1
 0.04973135170256342   11    7    2    2
 0.02288218722299315   11    7    3    1
 0.02595078599138752   11    7    3    3
 0.02952386205482432   11    7    4    4
 0.01182540889911662   11    7    5    1
 -0.005705977427165897   11    7    5    3
 0.02516997206962085   11    7    5    5
 -0.002401276598907271   11    7    6    2
 -2.126975143463615e-15   11    7    6    5
 0.02876427197759295   11    7    6    6
 0.0342987871096332   11    7    7    2
 2.399690999017471e-15   11    7    7    3
 0.008560892869438494   11    7    7    6
 0.03605075505262402   11    7    7    7
 0.006729100486065207   11    7    8    1
 0.005245256268533706   11    7    8    3
 2.653766071756333e-15   11    7    8    4
 -0.01950492022105541   11    7    8    5
 5.534119852798958e-15   11    7    8    7
 0.07013738776548417   11    7    8    8
 -0.03090399747597042   11    7    9    4
 -1.664934598228996e-15   11    7    9    5
 4.188757506236974e-15   11    7    9    8
 0.0220637115614676   11    7    9    9
 0.007040236184455988   11    7   10    1
 -0.03199530817994048   11    7   10    3
 -0.01777641846978276   11    7   10    5
 -0.003710772449292347   11    7   10    8
 0.009039291601289657   11    7   10   10
 -0.0271415722743495   11    7   11    2
 -1.008711165249638e-15   11    7   11    3
 0.01922494604785705   11    7   11    6
 0.03810280296739579   11    7   11    7
 -1.74437069235211e-15   11    8    1    1
 0.05515381353313696   11    8    2    1
 -2.237920873010771e-15   11    8    2    2
 -2.08609710200675e-15   11    8    3    1
 0.02199160795869648   11    8    3    2
 -1.975844896760107e-15   11    8    4    2
 -0.01222617852692106   11    8    5    2
 1.361602421058794e-15   11    8    5    3
 -3.498865962356708e-15   11    8    5    5
 -0.005463059575657729   11    8    6    1
 0.012216825819043   11    8    6    3
 -0.03638481092215414   11    8    6    5
 0.02030746491638857   11    8    7    1
 0.02765357744401259   11    8    7    3
 -0.006026027664269988   11    8    7    5
 5.339707676595423e-15   11    8    7    7
 -2.53476183809484e-15   11    8    8    1
 0.03984949561067943   11    8    8    2
 -2.803709134837788e-15   11    8    8    3
 1.390069799946658e-15   11    8    8    5
 0.01335869488583382   11    8    8    6
 0.06985536806238794   11    8    8    7
 -1.246689141614281e-14   11    8    8    8
 3.921687525000808e-15   11    8    9    2
 6.404455483334885e-15   11    8    9    7
 -0.01196889657204516   11    8   10    2
 1.299776127701511e-15   11    8   10    5
 0.00185888564267218   11    8   10    6
 -0.008814328376204408   11    8   10    7
 1.508667187024196e-15   11    8   10    8
 1.753409144919308e-15   11    8   10   10
 -0.004078523943513915   11    8   11    1
 0.003413750363357683   11    8   11    3
 -0.01310153298404439   11    8   11    5
 0.03409460334697367   11    8   11    8
 4.799903630036501e-15   11    9    2    1
 1.908715530192599e-15   11    9    3    2
 -1.103237276732987e-15   11    9    4    1
 0.02270402257639726   11    9    4    2
 -1.074869647186971e-15   11    9    5    2
 1.069417958180995e-15   11    9    6    3
 -0.01028685510980451   11    9    6    4
 -3.168888367563273e-15   11    9    6    5
 1.754261032723192e-15   11    9    7    1
 2.412502774920464e-15   11    9    7    3
 -0.01088703188110405   11    9    7    4
 3.921493292352955e-15   11    9    8    2
 6.409307987541159e-15   11    9    8    7
 -0.005234888217628367   11    9    9    2
 0.009528026120849784   11    9    9    6
 -0.003820651819913739   11    9    9    7
 -1.044290551707895e-15   11    9   10    2
 -0.007904309880627352   11    9   11    4
 -1.144024874976049e-15   11    9   11    5
 0.02479984361005845   11    9   11    9
 -1.4313799233185e-15   11   10    1    1
 -0.03789464574695326   11   10    2    1
 -2.093944155452562e-15   11   10    2    2
 0.01871489518305462   11   10    3    2
 0.01242015385911639   11   10    5    2
 0.01312541237772064   11   10    6    1
 -0.0225142528603237   11   10    6    3
 0.01519156941734918   11   10    6    5
 0.009457898424734693   11   10    7    1
 -0.02814188753156101   11   10    7    3
 -0.009372869567920081   11   10    7    5
 -3.42078398416757e-15   11   10    7    7
 -0.0174187547281125   11   10    8    2
 1.473308896977283e-15   11   10    8    3
 1.012467338039796e-15   11   10    8    5
 -4.559777520045639e-05   11   10    8    6
 -0.02512683093176262   11   10    8    7
 1.890347850035649e-15   11   10    8    8
 -1.518895036076929e-15   11   10    9    2
 -2.178852123535768e-15   11   10    9    7
 -0.0006779179568386948   11   10   10    2
 0.005392246128070282   11   10   10    6
 -0.007802897320343667   11   10   10    7
 -1.228227265385437e-15   11   10   10   10
 0.0007347518688394918   11   10   11    1
 -0.008077712416617019   11   10   11    3
 0.01285134432380834   11   10   11    5
 -1.370139942845213e-15   11   10   11    6
 -0.005211742126494626   11   10   11    8
 0.03842780729729853   11   10   11   10
 0.6193889005386544   11   11    1    1
 -3.226663566603483e-15   11   11    2    1
 0.5893333955835177   11   11    2    2
 -0.03595354729072508   11   11    3    1
 0.5903119622494155   11   11    3    3
 0.6042068820413738   11   11    4    4
 0.07638957964990607   11   11    5    1
 -1.716169059236603e-15   11   11    5    2
 0.054870021942784   11   11    5    3
 0.3568576426516867   11   11    5    5
 -0.1252147271301057   11   11    6    2
 -2.630032480991492e-15   11   11    6    3
 1.21536000030204e-15   11   11    6    5
 0.3751208199725423   11   11    6    6
 -2.266856408221364e-15   11   11    7    1
 -0.02534347006858229   11   11    7    2
 -3.028116881359958e-15   11   11    7    3
 -4.19092432230247e-15   11   11    7    5
 0.07234812969419714   11   11    7    6
 0.439909185441589   11   11    7    7
 -0.0439699976265699   11   11    8    1
 -0.04482070273486246   11   11    8    3
 1.38073065920792e-14   11   11    8    4
 -0.09290793453837773   11   11    8    5
 -2.217124817657035e-15   11   11    8    6
 0.4761756009830491   11   11    8    8
 -3.765203580357518e-15   11   11    9    1
 -4.015523988925987e-15   11   11    9    3
 -0.1610944109256703   11   11    9    4
 -7.974754894568106e-15   11   11    9    5
 -5.790184779005093e-15   11   11    9    8
 0.5454776590209439   11   11    9    9
 0.01361342245293251   11   11   10    1
 3.876018192649771e-15   11   11   10    2
 -0.1416043299638994   11   11   10    3
 -0.02035616749508715   11   11   10    5
 -2.139465082273113e-15   11   11   10    6
 1.174045832229768e-15   11   11   10    7
 0.05496249051588369   11   11   10    8
 4.874621482670771e-15   11   11   10    9
 0.5316722482329733   11   11   10   10
 1.628200761591841e-15   11   11   11    1
 -0.1294466584973328   11   11   11    2
 -4.227972241213599e-15   11   11   11    3
 3.476711613988089e-15   11   11   11    5
 0.1319370725836213   11   11   11    6
 0.02711803965047199   11   11   11    7
 0.6048079225811701   11   11   11   11
 -0.1159235767070379   12    1    1    1
 -0.09272848738581656   12    1    2    2
 0.00975490077305707   12    1    3    1
 -0.09975822248492715   12    1    3    3
 -0.1057889410033163   12    1    4    4
 -0.04099466912153797   12    1    5    1
 -0.02448756421814792   12    1    5    3
 -0.0272639241996198   12    1    5    5
 0.04783855283850245   12    1    6    2
 -0.03405800622299442   12    1    6    6
 1.861772066105475e-15   12    1    7    1
 0.01009866324441243   12    1    7    2
 1.68327390563061e-15   12    1    7    5
 -0.01729850960301504   12    1    7    6
 -0.03004453478413304   12    1    7    7
 0.03128275137390088   12    1    8    1
 0.02958435538661817   12    1    8    3
 -7.972615469742927e-15   12    1    8    4
 0.03536506646885926   12    1    8    5
 -1.885942064683486e-15   12    1    8    7
 -0.0610129052437263   12    1    8    8
 2.689374735444923e-15   12    1    9    1
 2.56870260214755e-15   12    1    9    3
 0.09242356641547543   12    1    9    4
 3.054893525453088e-15   12    1    9    5
 2.334086847631811e-15   12    1    9    8
 -0.08803060193770584   12    1    9    9
 0.0002676130570065796   12    1   10    1
 -2.07787911332206e-15   12    1   10    2
 0.07630677445264893   12    1   10    3
 0.01588966463050211   12    1   10    5
 -0.03280772386361593   12    1   10    8
 -2.875917434725212e-15   12    1   10    9
 -0.0795247314747235   12    1   10   10
 0.07244977087999359   12    1   11    2
 1.933748612639099e-15   12    1   11    3
 -0.04989928852431007   12    1   11    6
 -0.02256586773506545   12    1   11    7
 -0.1078611136707556   12    1   11   11
 0.07394811188988737   12    1   12    1
 -0.03018555425752515   12    2    2    1
 0.0002328773144219397   12    2    3    2
 -0.00607978835904804   12    2    5    2
 0.01415008600244347   12    2    6    1
 -0.005719207800822537   12    2    6    3
 0.01181263129836781   12    2    6    5
 -0.001857425758687428   12    2    7    1
 -0.007949257224708569   12    2    7    3
 0.004903530879619448   12    2    7    5
 -2.318965931547431e-15   12    2    7    7
 -0.004338034848556313   12    2    8    2
 -0.006355880120516031   12    2    8    6
 -0.01644560383289016   12    2    8    7
 1.413788716084111e-15   12    2    8    8
 -1.438102278015878e-15   12    2    9    7
 -0.001927877601508713   12    2   10    2
 0.004509311889095135   12    2   10    6
 0.008670163231575153   12    2   10    7
 0.02593813786362358   12    2   11    1
 -0.007990521615515755   12    2   11    3
 0.00687323024115892   12    2   11    5
 -0.01379040423285434   12    2   11    8
 -1.197294851803156e-15   12    2   11    9
 0.003549179793655642   12    2   11   10
 0.02432980666793458   12    2   12    2
 0.02272490573080195   12    3    1    1
 0.01956190552638809   12    3    2    2
 -0.01179376889866381   12    3    3    1
 0.03649613304916294   12    3    3    3
 0.02678320417082   12    3    4    4
 -0.0009334706145800526   12    3    5    1
 -0.003832773756999391   12    3    5    3
 0.00582978294542858   12    3    5    5
 -0.006608444629104084   12    3    6    2
 0.01019432311557915   12    3    6    6
 0.0004269920922323412   12    3    7    2
 0.004096476583252584   12    3    7    6
 0.005777171689337456   12    3    7    7
 0.004783170767247079   12    3    8    1
 -0.00442115014487354   12    3    8    3
 1.420922879300897e-15   12    3    8    4
 0.001506477819281807   12    3    8    5
 0.008430955939432948   12    3    8    8
 -0.01643998144090129   12    3    9    4
 -1.147475051948768e-15   12    3    9    8
 0.02166563798774982   12    3    9    9
 0.02612963035690325   12    3   10    1
 -0.02459653650732083   12    3   10    3
 -0.006933454170565118   12    3   10    5
 -0.0003062339556755517   12    3   10    8
 0.02470574516100403   12    3   10   10
 -0.01395721336073203   12    3   11    2
 0.01096106594584609   12    3   11    6
 0.01108641692976949   12    3   11    7
 0.01671001282764207   12    3   11   11
 0.001083833737087246   12    3   12    1
 0.0278854508116567   12    3   12    3
 0.0033624289394368   12    4    4    1
 0.002159069429760323   12    4    4    3
 -0.01067061263475557   12    4    5    4
 -2.749238888880445e-15   12    4    8    1
 -0.002030988015619822   12    4    8    4
 2.901157370739907e-15   12    4    8    8
 0.03210025694220214   12    4    9    1
 -0.006243991748324029   12    4    9    3
 -0.005503582195118727   12    4    9    5
 -0.0172419099726194   12    4    9    8
 -3.139212582987137e-15   12    4    9    9
 -0.005150203339458327   12    4   10    4
 0.002773180115359481   12    4   10    9
 0.044881290056433   12    4   12    4
 -0.09650664222925492   12    5    1    1
 -0.07148155365319832   12    5    2    2
 -0.0009047298462797386   12    5    3    1
 -0.07984165412242093   12    5    3    3
 -0.09370651749276362   12    5    4    4
 -0.02928440530869168   12    5    5    1
 -0.02187996810145706   12    5    5    3
 -0.01806149336266194   12    5    5    5
 0.03596751025428362   12    5    6    2
 -0.01301327873327704   12    5    6    6
 1.618234257228062e-15   12    5    7    1
 0.01110858115121052   12    5    7    2
 -0.01509304750016782   12    5    7    6
 -0.03109296227520645   12    5    7    7
 0.02692419867855706   12    5    8    1
 0.0203279449204527   12    5    8    3
 -3.469111914670749e-15   12    5    8    4
 0.0231370248092313   12    5    8    5
 1.050174477585522e-15   12    5    8    6
 -1.055138203527956e-15   12    5    8    7
 -0.04480376944061329   12    5    8    8
 2.320241765147137e-15   12    5    9    1
 1.779926408522096e-15   12    5    9    3
 0.04033232371405878   12    5    9    4
 2.007860063876948e-15   12    5    9    5
 3.12221674536317e-15   12    5    9    8
 -0.08098446602040227   12    5    9    9
 0.003630463467919195   12    5   10    1
 0.02879976302563283   12    5   10    3
 0.009199296222165218   12    5   10    5
 -2.023198708662082e-15   12    5   10    7
 -0.01960325909908744   12    5   10    8
 -1.722453277668221e-15   12    5   10    9
 -0.07090645206754713   12    5   10   10
 0.03343450503135145   12    5   11    2
 -0.03308673096060531   12    5   11    6
 -0.0009772512521006606   12    5   11    7
 -2.1082362349162e-15   12    5   11    8
 -0.07744926495010629   12    5   11   11
 0.02829877485527958   12    5   12    1
 0.0007213186539787612   12    5   12    3
 0.0304096229310583   12    5   12    5
 2.656628215851567e-15   12    6    1    1
 0.008257989841538456   12    6    2    1
 2.298510633543468e-15   12    6    2    2
 -0.007166264861261133   12    6    3    2
 2.39228070577086e-15   12    6    3    3
 2.423799967593125e-15   12    6    4    4
 0.01821976749591633   12    6    5    2
 2.688353936913917e-15   12    6    5    5
 -0.01384230376962356   12    6    6    1
 -1.355542387926764e-15   12    6    6    2
 -0.005367313190412867   12    6    6    3
 0.02575538761738153   12    6    6    5
 -0.005867551606294008   12    6    7    1
 -1.236428869415448e-15   12    6    7    2
 -0.003461005989690113   12    6    7    3
 -0.00585233003093363   12    6    7    5
 -1.182853555405724e-15   12    6    7    7
 -0.01288162505519406   12    6    8    2
 0.003814849268427507   12    6    8    6
 -0.01828356216667253   12    6    8    7
 3.57138278930247e-15   12    6    8    8
 -1.119123467388686e-15   12    6    9    2
 -1.586237662802209e-15   12    6    9    7
 2.393689343206464e-15   12    6    9    9
 0.006036328390173382   12    6   10    2
 -1.219636435577458e-15   12    6   10    3
 -0.002627398651540941   12    6   10    6
 -0.003145447047671846   12    6   10    7
 1.157184852815615e-15   12    6   10   10
 -0.01898266179449247   12    6   11    1
 0.00542088569326216   12    6   11    3
 -0.008159755139682041   12    6   11    5
 1.459090986883195e-15   12    6   11    6
 -0.003304529225647862   12    6   11    8
 0.002178091729053591   12    6   11   10
 1.80539368048343e-15   12    6   11   11
 -1.570066565914157e-15   12    6   12    1
 -0.008377269269200915   12    6   12    2
 1.211846219368361e-15   12    6   12    5
 0.01988935875890152   12    6   12    6
 2.821570491949039e-15   12    7    1    1
 -0.01577827491047249   12    7    2    1
 1.334354679696006e-15   12    7    2    2
 -0.003593922072668721   12    7    3    2
 2.04423471136822e-15   12    7    3    3
 2.819720650704313e-15   12    7    4    4
 1.612787368027024e-15   12    7    5    1
 0.009416182597701966   12    7    5    2
 -0.0004633795101398328   12    7    6    1
 -1.722963909214849e-15   12    7    6    2
 -0.005919775858863097   12    7    6    3
 0.006764544077499557   12    7    6    5
 -0.004443108223879035   12    7    7    1
 -2.400035307413532e-15   12    7    7    2
 -0.0149589994867783   12    7    7    3
 0.0001055065138316796   12    7    7    5
 -3.62562065257464e-15   12    7    7    7
 -1.501431489758684e-15   12    7    8    1
 -0.01899284335455916   12    7    8    2
 -0.005595752471404072   12    7    8    6
 -0.02939313689961882   12    7    8    7
 3.83298970206321e-15   12    7    8    8
 -1.658711883788728e-15   12    7    9    2
 -2.771068320878943e-15   12    7    9    4
 -2.54799218398604e-15   12    7    9    7
 1.865529462014176e-15   12    7    9    9
 0.00887305072663026   12    7   10    2
 -1.945604608379011e-15   12    7   10    3
 -0.001678714944070482   12    7   10    6
 -0.002220363364851576   12    7   10    7
 1.457483792875411e-15   12    7   10    8
 1.411245526111378e-15   12    7   10   10
 -0.01105878782998041   12    7   11    1
 -1.887299370505434e-15   12    7   11    2
 0.003267685450635905   12    7   11    3
 0.007882991549565878   12    7   11    5
 1.002719386913545e-15   12    7   11    6
 -0.007363610030824921   12    7   11    8
 0.009698028582317773   12    7   11   10
 3.262473801446122e-15   12    7   11   11
 -1.887726241626513e-15   12    7   12    1
 -0.004158187800632268   12    7   12    2
 0.005029427272836592   12    7   12    6
 0.01271739315178851   12    7   12    7
 0.04284578823615522   12    8    1    1
 0.02152564265966616   12    8    2    2
 0.008582153934267778   12    8    3    1
 0.02319856519631855   12    8    3    3
 -7.978549986942372e-15   12    8    4    1
 2.080866399142237e-15   12    8    4    3
 0.03498757586461417   12    8    4    4
 0.02552504561013948   12    8    5    1
 0.01513670469860054   12    8    5    3
 -1.113041391972238e-15   12    8    5    4
 0.008097125940442092   12    8    5    5
 -0.02105487926513825   12    8    6    2
 0.006429582099172295   12    8    6    6
 -1.374650977263465e-15   12    8    7    1
 -0.01449981270693167   12    8    7    2
 -0.0002069170916986288   12    8    7    6
 -0.01468960659391839   12    8    7    7
 -0.02982478673986786   12    8    8    1
 1.643008842608505e-15   12    8    8    2
 -0.02235177686441085   12    8    8    3
 6.61348448001257e-15   12    8    8    4
 -0.0115054535895665   12    8    8    5
 2.818765500623016e-15   12    8    8    7
 0.0003950774234690441   12    8    8    8
 -1.101602562115511e-15   12    8    9    1
 -2.79072981765463e-15   12    8    9    3
 -0.04063727173414363   12    8    9    4
 2.053721111092136e-15   12    8    9    5
 -2.440545439712854e-15   12    8    9    8
 0.02784545602868483   12    8    9    9
 -0.008189489055396482   12    8   10    1
 -0.02346909756397108   12    8   10    3
 -1.130312530089868e-15   12    8   10    4
 -0.01079143938889369   12    8   10    5
 0.02120692149194153   12    8   10    8
 3.198198068075765e-15   12    8   10    9
 0.0198215091542959   12    8   10   10
 -0.03310807968884606   12    8   11    2
 0.016717555494176   12    8   11    6
 0.003736540429783336   12    8   11    7
 0.03585663831431474   12    8   11   11
 -0.03208398473947938   12    8   12    1
 -0.006668982317209101   12    8   12    3
 -1.529442159189623e-15   12    8   12    4
 -0.01610806600573692   12    8   12    5
 0.02663146871795937   12    8   12    8
 3.755098160904137e-15   12    9    1    1
 1.925729184781002e-15   12    9    2    2
 2.102919989118283e-15   12    9    3    3
 0.09244485606983281   12    9    4    1
 -0.02389465212423781   12    9    4    3
 3.207241132282298e-15   12    9    4    4
 2.211989324086521e-15   12    9    5    1
 1.348184865135718e-15   12    9    5    3
 0.01290181814210304   12    9    5    4
 -1.872059286748309e-15   12    9    6    2
 -1.317783775732132e-15   12    9    7    2
 -2.079563610496452e-15   12    9    7    4
 -1.24623014413713e-15   12    9    7    7
 -1.126724469653969e-15   12    9    8    1
 -2.828491497407864e-15   12    9    8    3
 -0.03589275710076508   12    9    8    4
 2.040895159917963e-15   12    9    8    5
 -0.01705893131581781   12    9    9    1
 0.009769820998406247   12    9    9    3
 -6.715682172072936e-15   12    9    9    4
 -0.03522470441529441   12    9    9    5
 0.0006068359500493968   12    9    9    8
 2.594442330383801e-15   12    9    9    9
 -2.059199123493023e-15   12    9   10    3
 0.01265553988038419   12    9   10    4
 3.209999894105108e-15   12    9   10    8
 -0.0155599496676652   12    9   10    9
 1.799686365596728e-15   12    9   10   10
 -2.903347487085523e-15   12    9   11    2
 1.473065006958233e-15   12    9   11    6
 3.217526734205353e-15   12    9   11   11
 -2.828688135174551e-15   12    9   12    1
 0.01737570720188537   12    9   12    4
 -1.428113535218425e-15   12    9   12    5
 -4.920765916250929e-15   12    9   12    8
 0.08381648005125324   12    9   12    9
 0.01424773761912393   12   10    1    1
 -2.364112219637989e-15   12   10    2    1
 0.00242473807447091   12   10    2    2
 0.07218866337979432   12   10    3    1
 -0.04723837346637583   12   10    3    3
 -0.01991814318837734   12   10    4    4
 0.01238162424588206   12   10    5    1
 -0.008669313808886348   12   10    5    3
 0.02460765773736194   12   10    5    5
 0.02177210473166743   12   10    6    2
 0.008024083937984663   12   10    6    6
 0.03667861927446524   12   10    7    2
 -0.006697920117143893   12   10    7    6
 0.01090799869910039   12   10    7    7
 -0.009012982970917596   12   10    8    1
 -2.533232246182145e-15   12   10    8    2
 0.006488176027443675   12   10    8    3
 -1.146376161728519e-15   12   10    8    4
 -0.009822104463613252   12   10    8    5
 0.04372803974787598   12   10    8    8
 0.01263844030449186   12   10    9    4
 5.129899671488831e-15   12   10    9    8
 -0.0153143470184697   12   10    9    9
 -0.01372558817279739   12   10   10    1
 0.01961665091869411   12   10   10    3
 -0.02214228338688345   12   10   10    5
 -0.01212271166497822   12   10   10    8
 -1.05459221218819e-15   12   10   10    9
 -0.0419247931576704   12   10   10   10
 0.007916742811124207   12   10   11    2
 -0.005145378956832695   12   10   11    6
 0.01765025476033239   12   10   11    7
 -2.32051641000644e-15   12   10   11    8
 -0.02506523249039989   12   10   11   11
 0.008205998976218001   12   10   12    1
 -0.001538604795194311   12   10   12    3
 -0.002487372166948651   12   10   12    5
 0.005135806449160188   12   10   12    8
 0.05494741497962907   12   10   12   10
 0.07590583925406615   12   11    2    1
 1.662687301108499e-15   12   11    3    1
 -0.006248597512409363   12   11    3    2
 -1.913396018498314e-15   12   11    3    3
 -1.079661912167975e-15   12   11    4    4
 -0.003875318445212895   12   11    5    2
 -1.727323708341495e-15   12   11    5    5
 -0.02727013999590285   12   11    6    1
 0.02256698703386424   12   11    6    3
 -0.03450124738400077   12   11    6    5
 1.608997450323896e-15   12   11    6    6
 -0.009155436137741389   12   11    7    1
 1.57054019188024e-15   12   11    7    2
 0.03147778253635125   12   11    7    3
 0.008860637071291602   12   11    7    5
 4.100822428398165e-15   12   11    7    7
 0.01230046760701703   12   11    8    2
 -1.320300033882401e-15   12   11    8    3
 0.005225203692130054   12   11    8    6
 0.03644374398004566   12   11    8    7
 -3.511349012281857e-15   12   11    8    8
 1.073633592658753e-15   12   11    9    2
 3.158288758051296e-15   12   11    9    7
 -1.133206638258355e-15   12   11    9    9
 -0.003484969201945888   12   11   10    2
 -0.001543316935169472   12   11   10    6
 0.004031663689307693   12   11   10    7
 -1.061043765251239e-15   12   11   10    8
 -0.02303546927976507   12   11   11    1
 0.00512487369477184   12   11   11    3
 -0.02275392209841849   12   11   11    5
 2.184515633487192e-15   12   11   11    7
 0.02379927717150125   12   11   11    8
 2.089782406707576e-15   12   11   11    9
 -0.02738637282872424   12   11   11   10
 -2.879287102083195e-15   12   11   11   11
 -0.01826558729003175   12   11   12    2
 -1.155223142939651e-15   12   11   12    5
 0.006072030959714259   12   11   12    6
 -0.006294421337802416   12   11   12    7
 0.05446959697497091   12   11   12   11
 0.5959656060100208   12   12    1    1
 0.5340851855525739   12   12    2    2
 0.0163287219144194   12   12    3    1
 0.5409188929313932   12   12    3    3
 0.5833586431510904   12   12    4    4
 0.07314400151425009   12   12    5    1
 -2.17995477811029e-15   12   12    5    2
 0.04172770099929079   12   12    5    3
 0.3647938772809635   12   12    5    5
 -2.295388800641371e-15   12   12    6    1
 -0.08249550104392681   12   12    6    2
 -2.279675201522039e-15   12   12    6    5
 0.3606267587126538   12   12    6    6
 -2.398224987852469e-15   12   12    7    1
 0.008348952188912205   12   12    7    2
 -1.222542046005183e-15   12   12    7    3
 -3.132581059457093e-15   12   12    7    5
 0.05878943515019551   12   12    7    6
 0.4254048105732269   12   12    7    7
 -0.04786873334259118   12   12    8    1
 -0.03604206317542307   12   12    8    3
 9.402105379619904e-15   12   12    8    4
 -0.08479004062969005   12   12    8    5
 3.731112369137195e-15   12   12    8    7
 0.4805673922571806   12   12    8    8
 -4.14966541532635e-15   12   12    9    1
 -3.251043393302658e-15   12   12    9    3
 -0.1104760621914795   12   12    9    4
 -7.27559850246038e-15   12   12    9    5
 -3.533994460998138e-15   12   12    9    8
 0.5240776388872779   12   12    9    9
 0.01310818826712374   12   12   10    1
 2.559602590921965e-15   12   12   10    2
 -0.09815306861973823   12   12   10    3
 -0.03513773424182464   12   12   10    5
 -1.178039793279068e-15   12   12   10    7
 0.03390248230899167   12   12   10    8
 3.039587443176821e-15   12   12   10    9
 0.4820320465197108   12   12   10   10
 1.190690986887142e-15   12   12   11    1
 -0.08464707752781048   12   12   11    2
 -3.023989793992139e-15   12   12   11    3
 1.431246683062562e-15   12   12   11    5
 0.09647695434601475   12   12   11    6
 0.03012065838690112   12   12   11    7
 -2.488823104904318e-15   12   12   11    8
 -1.064256022712266e-15   12   12   11   10
 0.508132238158893   12   12   11   11
 -0.06012408273751508   12   12   12    1
 0.0224500715706552   12   12   12    3
 -0.06846124457414372   12   12   12    5
 -3.221866621085567e-15   12   12   12    6
 2.749268202810083e-15   12   12   12    7
 0.01951356697793466   12   12   12    8
 1.795137086624581e-15   12   12   12    9
 0.02123817770067258   12   12   12   10
 3.61434913007352e-15   12   12   12   11
 0.5209569398221479   12   12   12   12
 -5.799831364995715    1    1  0  0
 -4.898239375498397    2    2  0  0
 0.1113879517056993    3    1  0  0
 -4.943582911843626    3    3  0  0
 -5.037532007456992    4    4  0  0
 -0.6212286565215116    5    1  0  0
 1.681916421524369e-14    5    2  0  0
 -0.4215184433678978    5    3  0  0
 -2.728151171720953    5    5  0  0
 1.24139828753452e-14    6    1  0  0
 0.8470526718277934    6    2  0  0
 7.475601029440351e-15    6    3  0  0
 -2.681956766016217    6    6  0  0
 2.102796516592958e-14    7    1  0  0
 0.0500045769385718    7    2  0  0
 9.128220698739222e-15    7    3  0  0
 3.169034269000446e-14    7    5  0  0
 -0.5858255253278413    7    6  0  0
 -2.602236899797679    7    7  0  0
 0.3550518362777743    8    1  0  0
 0.3451265148297859    8    3  0  0
 -9.833576881569807e-14    8    4  0  0
 0.7839390308497893    8    5  0  0
 1.399549321929206e-14    8    6  0  0
 -1.43614793295552e-14    8    7  0  0
 -2.928122289123532    8    8  0  0
 3.054012586795491e-14    9    1  0  0
 -4.004097094204536e-15    9    2  0  0
 3.088503229318941e-14    9    3  0  0
 1.147540120301543    9    4  0  0
 6.71818170754801e-14    9    5  0  0
 5.287208780063788e-15    9    6  0  0
 3.68529103327008e-14    9    8  0  0
 -3.36749067840334    9    9  0  0
 -0.1171838118068096   10    1  0  0
 -2.678995334014381e-14   10    2  0  0
 1.014626668191258   10    3  0  0
 0.226127848624661   10    5  0  0
 1.593595957573446e-14   10    6  0  0
 -8.498305847341317e-15   10    7  0  0
 -0.3963502787662935   10    8  0  0
 -3.516912562770765e-14   10    9  0  0
 -3.163057598799183   10   10  0  0
 -9.58368211025703e-15   11    1  0  0
 0.8291509341990556   11    2  0  0
 2.708088267897529e-14   11    3  0  0
 1.269677239704101e-15   11    4  0  0
 -1.586774625747142e-14   11    5  0  0
 -0.9561433813815343   11    6  0  0
 -0.2593325515871993   11    7  0  0
 5.484440343278367e-15   11    8  0  0
 -2.392536732862853e-15   11    9  0  0
 5.766429784751403e-15   11   10  0  0
 -3.243241875318248   11   11  0  0
 0.6738579842338536   12    1  0  0
 3.009762279518956e-15   12    2  0  0
 -0.1624893168564886   12    3  0  0
 0.621494890861763   12    5  0  0
 -2.32228617488082e-14   12    6  0  0
 -1.408869936203038e-14   12    7  0  0
 -0.2246225652245126   12    8  0  0
 -2.013836502118209e-14   12    9  0  0
 0.06956107760846442   12   10  0  0
 8.835711704708972e-15   12   11  0  0
 -2.651806068023936   12   12  0  0
 -52.19513762137162  0  0  0  0
